   0.00000000       0.00000000    
   1.00000005E-03  -1.03639730E-04
   2.00000009E-03  -2.07279460E-04
   3.00000003E-03  -3.10918083E-04
   4.00000019E-03  -4.14554495E-04
   5.00000035E-03  -5.18187589E-04
   6.00000052E-03  -6.21816318E-04
   7.00000068E-03  -7.25439517E-04
   8.00000038E-03  -8.29056138E-04
   9.00000054E-03  -9.32665134E-04
   1.00000007E-02  -1.03626540E-03
   1.10000009E-02  -1.13985571E-03
   1.20000010E-02  -1.24343508E-03
   1.30000012E-02  -1.34700246E-03
   1.40000014E-02  -1.45055680E-03
   1.50000015E-02  -1.55409693E-03
   1.60000008E-02  -1.65762182E-03
   1.70000009E-02  -1.76113041E-03
   1.80000011E-02  -1.86462153E-03
   1.90000013E-02  -1.96809415E-03
   2.00000014E-02  -2.07154732E-03
   2.10000016E-02  -2.17497977E-03
   2.20000017E-02  -2.27839057E-03
   2.30000019E-02  -2.38177879E-03
   2.40000021E-02  -2.48514302E-03
   2.50000022E-02  -2.58848257E-03
   2.60000024E-02  -2.69179605E-03
   2.70000026E-02  -2.79508275E-03
   2.80000027E-02  -2.89834128E-03
   2.90000029E-02  -3.00157070E-03
   3.00000031E-02  -3.10477009E-03
   3.10000032E-02  -3.20793828E-03
   3.20000015E-02  -3.31107434E-03
   3.29999998E-02  -3.41417710E-03
   3.39999981E-02  -3.51724564E-03
   3.49999964E-02  -3.62027879E-03
   3.59999947E-02  -3.72327561E-03
   3.69999930E-02  -3.82623496E-03
   3.79999913E-02  -3.92915588E-03
   3.89999896E-02  -4.03203722E-03
   3.99999879E-02  -4.13487805E-03
   4.09999862E-02  -4.23767744E-03
   4.19999845E-02  -4.34043445E-03
   4.29999828E-02  -4.44314769E-03
   4.39999811E-02  -4.54581669E-03
   4.49999794E-02  -4.64844005E-03
   4.59999777E-02  -4.75101685E-03
   4.69999760E-02  -4.85354569E-03
   4.79999743E-02  -4.95602610E-03
   4.89999726E-02  -5.05845668E-03
   4.99999709E-02  -5.16083697E-03
   5.09999692E-02  -5.26316557E-03
   5.19999675E-02  -5.36544155E-03
   5.29999658E-02  -5.46766352E-03
   5.39999641E-02  -5.56983100E-03
   5.49999624E-02  -5.67194261E-03
   5.59999608E-02  -5.77399787E-03
   5.69999591E-02  -5.87599538E-03
   5.79999574E-02  -5.97793423E-03
   5.89999557E-02  -6.07981347E-03
   5.99999540E-02  -6.18163217E-03
   6.09999523E-02  -6.28338940E-03
   6.19999506E-02  -6.38508378E-03
   6.29999489E-02  -6.48671482E-03
   6.39999509E-02  -6.58828113E-03
   6.49999529E-02  -6.68978179E-03
   6.59999549E-02  -6.79121632E-03
   6.69999570E-02  -6.89258333E-03
   6.79999590E-02  -6.99388189E-03
   6.89999610E-02  -7.09511107E-03
   6.99999630E-02  -7.19626993E-03
   7.09999651E-02  -7.29735708E-03
   7.19999671E-02  -7.39837205E-03
   7.29999691E-02  -7.49931391E-03
   7.39999712E-02  -7.60018127E-03
   7.49999732E-02  -7.70097366E-03
   7.59999752E-02  -7.80169014E-03
   7.69999772E-02  -7.90232979E-03
   7.79999793E-02  -8.00289121E-03
   7.89999813E-02  -8.10337346E-03
   7.99999833E-02  -8.20377562E-03
   8.09999853E-02  -8.30409676E-03
   8.19999874E-02  -8.40433594E-03
   8.29999894E-02  -8.50449316E-03
   8.39999914E-02  -8.60456657E-03
   8.49999934E-02  -8.70455522E-03
   8.59999955E-02  -8.80445819E-03
   8.69999975E-02  -8.90427455E-03
   8.79999995E-02  -9.00400337E-03
   8.90000015E-02  -9.10364464E-03
   9.00000036E-02  -9.20319650E-03
   9.10000056E-02  -9.30265803E-03
   9.20000076E-02  -9.40202828E-03
   9.30000097E-02  -9.50130634E-03
   9.40000117E-02  -9.60049126E-03
   9.50000137E-02  -9.69958305E-03
   9.60000157E-02  -9.79857985E-03
   9.70000178E-02  -9.89748072E-03
   9.80000198E-02  -9.99628473E-03
   9.90000218E-02  -1.00949919E-02
  0.100000024      -1.01936003E-02
  0.101000026      -1.02921091E-02
  0.102000028      -1.03905182E-02
  0.103000030      -1.04888259E-02
  0.104000032      -1.05870320E-02
  0.105000034      -1.06851347E-02
  0.106000036      -1.07831340E-02
  0.107000038      -1.08810291E-02
  0.108000040      -1.09788179E-02
  0.109000042      -1.10765006E-02
  0.110000044      -1.11740762E-02
  0.111000046      -1.12715438E-02
  0.112000048      -1.13689015E-02
  0.113000050      -1.14661492E-02
  0.114000052      -1.15632862E-02
  0.115000054      -1.16603114E-02
  0.116000056      -1.17572248E-02
  0.117000058      -1.18540246E-02
  0.118000060      -1.19507099E-02
  0.119000062      -1.20472796E-02
  0.120000064      -1.21437339E-02
  0.121000066      -1.22400708E-02
  0.122000068      -1.23362904E-02
  0.123000070      -1.24323918E-02
  0.124000072      -1.25283729E-02
  0.125000075      -1.26242340E-02
  0.126000077      -1.27199739E-02
  0.127000079      -1.28155919E-02
  0.128000081      -1.29110869E-02
  0.129000083      -1.30064581E-02
  0.130000085      -1.31017053E-02
  0.131000087      -1.31968269E-02
  0.132000089      -1.32918227E-02
  0.133000091      -1.33866910E-02
  0.134000093      -1.34814316E-02
  0.135000095      -1.35760438E-02
  0.136000097      -1.36705264E-02
  0.137000099      -1.37648787E-02
  0.138000101      -1.38590997E-02
  0.139000103      -1.39531884E-02
  0.140000105      -1.40471440E-02
  0.141000107      -1.41409663E-02
  0.142000109      -1.42346546E-02
  0.143000111      -1.43282069E-02
  0.144000113      -1.44216232E-02
  0.145000115      -1.45149026E-02
  0.146000117      -1.46080442E-02
  0.147000119      -1.47010479E-02
  0.148000121      -1.47939119E-02
  0.149000123      -1.48866363E-02
  0.150000125      -1.49792191E-02
  0.151000127      -1.50716603E-02
  0.152000129      -1.51639590E-02
  0.153000131      -1.52561143E-02
  0.154000133      -1.53481262E-02
  0.155000135      -1.54399928E-02
  0.156000137      -1.55317141E-02
  0.157000139      -1.56232892E-02
  0.158000141      -1.57147162E-02
  0.159000143      -1.58059951E-02
  0.160000145      -1.58971269E-02
  0.161000147      -1.59881078E-02
  0.162000149      -1.60789397E-02
  0.163000152      -1.61696188E-02
  0.164000154      -1.62601471E-02
  0.165000156      -1.63505226E-02
  0.166000158      -1.64407454E-02
  0.167000160      -1.65308136E-02
  0.168000162      -1.66207273E-02
  0.169000164      -1.67104844E-02
  0.170000166      -1.68000851E-02
  0.171000168      -1.68895293E-02
  0.172000170      -1.69788152E-02
  0.173000172      -1.70679428E-02
  0.174000174      -1.71569102E-02
  0.175000176      -1.72457173E-02
  0.176000178      -1.73343644E-02
  0.177000180      -1.74228493E-02
  0.178000182      -1.75111722E-02
  0.179000184      -1.75993331E-02
  0.180000186      -1.76873300E-02
  0.181000188      -1.77751612E-02
  0.182000190      -1.78628266E-02
  0.183000192      -1.79503262E-02
  0.184000194      -1.80376600E-02
  0.185000196      -1.81248263E-02
  0.186000198      -1.82118248E-02
  0.187000200      -1.82986539E-02
  0.188000202      -1.83853135E-02
  0.189000204      -1.84718017E-02
  0.190000206      -1.85581204E-02
  0.191000208      -1.86442658E-02
  0.192000210      -1.87302399E-02
  0.193000212      -1.88160408E-02
  0.194000214      -1.89016685E-02
  0.195000216      -1.89871211E-02
  0.196000218      -1.90723985E-02
  0.197000220      -1.91574991E-02
  0.198000222      -1.92424227E-02
  0.199000224      -1.93271693E-02
  0.200000226      -1.94117390E-02
  0.201000229      -1.94961298E-02
  0.202000231      -1.95803400E-02
  0.203000233      -1.96643714E-02
  0.204000235      -1.97482221E-02
  0.205000237      -1.98318902E-02
  0.206000239      -1.99153759E-02
  0.207000241      -1.99986789E-02
  0.208000243      -2.00817995E-02
  0.209000245      -2.01647356E-02
  0.210000247      -2.02474874E-02
  0.211000249      -2.03300528E-02
  0.212000251      -2.04124320E-02
  0.213000253      -2.04946250E-02
  0.214000255      -2.05766298E-02
  0.215000257      -2.06584465E-02
  0.216000259      -2.07400750E-02
  0.217000261      -2.08215136E-02
  0.218000263      -2.09027622E-02
  0.219000265      -2.09838208E-02
  0.220000267      -2.10646875E-02
  0.221000269      -2.11453624E-02
  0.222000271      -2.12258436E-02
  0.223000273      -2.13061329E-02
  0.224000275      -2.13862285E-02
  0.225000277      -2.14661285E-02
  0.226000279      -2.15458330E-02
  0.227000281      -2.16253418E-02
  0.228000283      -2.17046551E-02
  0.229000285      -2.17837710E-02
  0.230000287      -2.18626894E-02
  0.231000289      -2.19414085E-02
  0.232000291      -2.20199283E-02
  0.233000293      -2.20982488E-02
  0.234000295      -2.21763700E-02
  0.235000297      -2.22542901E-02
  0.236000299      -2.23320089E-02
  0.237000301      -2.24095248E-02
  0.238000304      -2.24868394E-02
  0.239000306      -2.25639492E-02
  0.240000308      -2.26408560E-02
  0.241000310      -2.27175578E-02
  0.242000312      -2.27940548E-02
  0.243000314      -2.28703469E-02
  0.244000316      -2.29464322E-02
  0.245000318      -2.30223108E-02
  0.246000320      -2.30979826E-02
  0.247000322      -2.31734458E-02
  0.248000324      -2.32487004E-02
  0.249000326      -2.33237464E-02
  0.250000328      -2.33985819E-02
  0.251000315      -2.34732069E-02
  0.252000302      -2.35476214E-02
  0.253000289      -2.36218236E-02
  0.254000276      -2.36958154E-02
  0.255000263      -2.37695929E-02
  0.256000251      -2.38431580E-02
  0.257000238      -2.39165090E-02
  0.258000225      -2.39896458E-02
  0.259000212      -2.40625683E-02
  0.260000199      -2.41352748E-02
  0.261000186      -2.42077652E-02
  0.262000173      -2.42800396E-02
  0.263000160      -2.43520960E-02
  0.264000148      -2.44239364E-02
  0.265000135      -2.44955570E-02
  0.266000122      -2.45669596E-02
  0.267000109      -2.46381424E-02
  0.268000096      -2.47091055E-02
  0.269000083      -2.47798488E-02
  0.270000070      -2.48503704E-02
  0.271000057      -2.49206722E-02
  0.272000045      -2.49907505E-02
  0.273000032      -2.50606071E-02
  0.274000019      -2.51302402E-02
  0.275000006      -2.51996499E-02
  0.275999993      -2.52688359E-02
  0.276999980      -2.53377967E-02
  0.277999967      -2.54065320E-02
  0.278999954      -2.54750419E-02
  0.279999942      -2.55433265E-02
  0.280999929      -2.56113838E-02
  0.281999916      -2.56792139E-02
  0.282999903      -2.57468168E-02
  0.283999890      -2.58141924E-02
  0.284999877      -2.58813389E-02
  0.285999864      -2.59482563E-02
  0.286999851      -2.60149445E-02
  0.287999839      -2.60814019E-02
  0.288999826      -2.61476282E-02
  0.289999813      -2.62136236E-02
  0.290999800      -2.62793880E-02
  0.291999787      -2.63449196E-02
  0.292999774      -2.64102183E-02
  0.293999761      -2.64752842E-02
  0.294999748      -2.65401173E-02
  0.295999736      -2.66047157E-02
  0.296999723      -2.66690794E-02
  0.297999710      -2.67332084E-02
  0.298999697      -2.67971028E-02
  0.299999684      -2.68607605E-02
  0.300999671      -2.69241817E-02
  0.301999658      -2.69873664E-02
  0.302999645      -2.70503126E-02
  0.303999633      -2.71130223E-02
  0.304999620      -2.71754935E-02
  0.305999607      -2.72377264E-02
  0.306999594      -2.72997189E-02
  0.307999581      -2.73614731E-02
  0.308999568      -2.74229869E-02
  0.309999555      -2.74842605E-02
  0.310999542      -2.75452919E-02
  0.311999530      -2.76060831E-02
  0.312999517      -2.76666321E-02
  0.313999504      -2.77269389E-02
  0.314999491      -2.77870037E-02
  0.315999478      -2.78468244E-02
  0.316999465      -2.79064011E-02
  0.317999452      -2.79657338E-02
  0.318999439      -2.80248225E-02
  0.319999427      -2.80836672E-02
  0.320999414      -2.81422660E-02
  0.321999401      -2.82006189E-02
  0.322999388      -2.82587260E-02
  0.323999375      -2.83165872E-02
  0.324999362      -2.83742007E-02
  0.325999349      -2.84315664E-02
  0.326999336      -2.84886844E-02
  0.327999324      -2.85455547E-02
  0.328999311      -2.86021754E-02
  0.329999298      -2.86585484E-02
  0.330999285      -2.87146717E-02
  0.331999272      -2.87705455E-02
  0.332999259      -2.88261697E-02
  0.333999246      -2.88815424E-02
  0.334999233      -2.89366636E-02
  0.335999221      -2.89915334E-02
  0.336999208      -2.90461518E-02
  0.337999195      -2.91005187E-02
  0.338999182      -2.91546322E-02
  0.339999169      -2.92084944E-02
  0.340999156      -2.92621031E-02
  0.341999143      -2.93154586E-02
  0.342999130      -2.93685589E-02
  0.343999118      -2.94214059E-02
  0.344999105      -2.94739977E-02
  0.345999092      -2.95263343E-02
  0.346999079      -2.95784157E-02
  0.347999066      -2.96302401E-02
  0.348999053      -2.96818092E-02
  0.349999040      -2.97331214E-02
  0.350999027      -2.97841765E-02
  0.351999015      -2.98349746E-02
  0.352999002      -2.98855156E-02
  0.353998989      -2.99357977E-02
  0.354998976      -2.99858227E-02
  0.355998963      -3.00355889E-02
  0.356998950      -3.00850961E-02
  0.357998937      -3.01343445E-02
  0.358998924      -3.01833320E-02
  0.359998912      -3.02320607E-02
  0.360998899      -3.02805286E-02
  0.361998886      -3.03287357E-02
  0.362998873      -3.03766821E-02
  0.363998860      -3.04243676E-02
  0.364998847      -3.04717906E-02
  0.365998834      -3.05189528E-02
  0.366998821      -3.05658523E-02
  0.367998809      -3.06124892E-02
  0.368998796      -3.06588635E-02
  0.369998783      -3.07049733E-02
  0.370998770      -3.07508204E-02
  0.371998757      -3.07964031E-02
  0.372998744      -3.08417231E-02
  0.373998731      -3.08867786E-02
  0.374998719      -3.09315678E-02
  0.375998706      -3.09760924E-02
  0.376998693      -3.10203526E-02
  0.377998680      -3.10643464E-02
  0.378998667      -3.11080739E-02
  0.379998654      -3.11515350E-02
  0.380998641      -3.11947297E-02
  0.381998628      -3.12376581E-02
  0.382998616      -3.12803201E-02
  0.383998603      -3.13227139E-02
  0.384998590      -3.13648395E-02
  0.385998577      -3.14066969E-02
  0.386998564      -3.14482860E-02
  0.387998551      -3.14896069E-02
  0.388998538      -3.15306596E-02
  0.389998525      -3.15714441E-02
  0.390998513      -3.16119604E-02
  0.391998500      -3.16522047E-02
  0.392998487      -3.16921808E-02
  0.393998474      -3.17318887E-02
  0.394998461      -3.17713246E-02
  0.395998448      -3.18104886E-02
  0.396998435      -3.18493843E-02
  0.397998422      -3.18880081E-02
  0.398998410      -3.19263600E-02
  0.399998397      -3.19644399E-02
  0.400998384      -3.20022479E-02
  0.401998371      -3.20397839E-02
  0.402998358      -3.20770480E-02
  0.403998345      -3.21140401E-02
  0.404998332      -3.21507603E-02
  0.405998319      -3.21872085E-02
  0.406998307      -3.22233811E-02
  0.407998294      -3.22592817E-02
  0.408998281      -3.22949104E-02
  0.409998268      -3.23302634E-02
  0.410998255      -3.23653445E-02
  0.411998242      -3.24001499E-02
  0.412998229      -3.24346796E-02
  0.413998216      -3.24689373E-02
  0.414998204      -3.25029194E-02
  0.415998191      -3.25366259E-02
  0.416998178      -3.25700566E-02
  0.417998165      -3.26032117E-02
  0.418998152      -3.26360911E-02
  0.419998139      -3.26686949E-02
  0.420998126      -3.27010229E-02
  0.421998113      -3.27330753E-02
  0.422998101      -3.27648520E-02
  0.423998088      -3.27963494E-02
  0.424998075      -3.28275710E-02
  0.425998062      -3.28585170E-02
  0.426998049      -3.28891836E-02
  0.427998036      -3.29195745E-02
  0.428998023      -3.29496861E-02
  0.429998010      -3.29795219E-02
  0.430997998      -3.30090784E-02
  0.431997985      -3.30383554E-02
  0.432997972      -3.30673568E-02
  0.433997959      -3.30960788E-02
  0.434997946      -3.31245214E-02
  0.435997933      -3.31526846E-02
  0.436997920      -3.31805721E-02
  0.437997907      -3.32081802E-02
  0.438997895      -3.32355089E-02
  0.439997882      -3.32625583E-02
  0.440997869      -3.32893282E-02
  0.441997856      -3.33158188E-02
  0.442997843      -3.33420262E-02
  0.443997830      -3.33679542E-02
  0.444997817      -3.33936028E-02
  0.445997804      -3.34189720E-02
  0.446997792      -3.34440619E-02
  0.447997779      -3.34688686E-02
  0.448997766      -3.34933959E-02
  0.449997753      -3.35176438E-02
  0.450997740      -3.35416086E-02
  0.451997727      -3.35652940E-02
  0.452997714      -3.35886963E-02
  0.453997701      -3.36118191E-02
  0.454997689      -3.36346589E-02
  0.455997676      -3.36572193E-02
  0.456997663      -3.36794965E-02
  0.457997650      -3.37014943E-02
  0.458997637      -3.37232091E-02
  0.459997624      -3.37446406E-02
  0.460997611      -3.37657891E-02
  0.461997598      -3.37866582E-02
  0.462997586      -3.38072442E-02
  0.463997573      -3.38275470E-02
  0.464997560      -3.38475667E-02
  0.465997547      -3.38673070E-02
  0.466997534      -3.38867642E-02
  0.467997521      -3.39059383E-02
  0.468997508      -3.39248292E-02
  0.469997495      -3.39434370E-02
  0.470997483      -3.39617617E-02
  0.471997470      -3.39798033E-02
  0.472997457      -3.39975618E-02
  0.473997444      -3.40150371E-02
  0.474997431      -3.40322293E-02
  0.475997418      -3.40491384E-02
  0.476997405      -3.40657644E-02
  0.477997392      -3.40821072E-02
  0.478997380      -3.40981670E-02
  0.479997367      -3.41139399E-02
  0.480997354      -3.41294296E-02
  0.481997341      -3.41446362E-02
  0.482997328      -3.41595598E-02
  0.483997315      -3.41742001E-02
  0.484997302      -3.41885574E-02
  0.485997289      -3.42026278E-02
  0.486997277      -3.42164151E-02
  0.487997264      -3.42299193E-02
  0.488997251      -3.42431404E-02
  0.489997238      -3.42560746E-02
  0.490997225      -3.42687257E-02
  0.491997212      -3.42810936E-02
  0.492997199      -3.42931785E-02
  0.493997186      -3.43049765E-02
  0.494997174      -3.43164913E-02
  0.495997161      -3.43277231E-02
  0.496997148      -3.43386680E-02
  0.497997135      -3.43493298E-02
  0.498997122      -3.43597084E-02
  0.499997109      -3.43698002E-02
  0.500997126      -3.43796089E-02
  0.501997113      -3.43891345E-02
  0.502997100      -3.43983732E-02
  0.503997087      -3.44073288E-02
  0.504997075      -3.44160013E-02
  0.505997062      -3.44243869E-02
  0.506997049      -3.44324894E-02
  0.507997036      -3.44403088E-02
  0.508997023      -3.44478413E-02
  0.509997010      -3.44550908E-02
  0.510996997      -3.44620571E-02
  0.511996984      -3.44687365E-02
  0.512996972      -3.44751328E-02
  0.513996959      -3.44812460E-02
  0.514996946      -3.44870724E-02
  0.515996933      -3.44926156E-02
  0.516996920      -3.44978757E-02
  0.517996907      -3.45028490E-02
  0.518996894      -3.45075391E-02
  0.519996881      -3.45119461E-02
  0.520996869      -3.45160700E-02
  0.521996856      -3.45199071E-02
  0.522996843      -3.45234610E-02
  0.523996830      -3.45267318E-02
  0.524996817      -3.45297195E-02
  0.525996804      -3.45324203E-02
  0.526996791      -3.45348381E-02
  0.527996778      -3.45369726E-02
  0.528996766      -3.45388241E-02
  0.529996753      -3.45403925E-02
  0.530996740      -3.45416740E-02
  0.531996727      -3.45426723E-02
  0.532996714      -3.45433876E-02
  0.533996701      -3.45438197E-02
  0.534996688      -3.45439687E-02
  0.535996675      -3.45438346E-02
  0.536996663      -3.45434174E-02
  0.537996650      -3.45427170E-02
  0.538996637      -3.45417336E-02
  0.539996624      -3.45404670E-02
  0.540996611      -3.45389172E-02
  0.541996598      -3.45370844E-02
  0.542996585      -3.45349684E-02
  0.543996572      -3.45325693E-02
  0.544996560      -3.45298871E-02
  0.545996547      -3.45269218E-02
  0.546996534      -3.45236771E-02
  0.547996521      -3.45201492E-02
  0.548996508      -3.45163383E-02
  0.549996495      -3.45122442E-02
  0.550996482      -3.45078669E-02
  0.551996469      -3.45032103E-02
  0.552996457      -3.44982706E-02
  0.553996444      -3.44930477E-02
  0.554996431      -3.44875455E-02
  0.555996418      -3.44817601E-02
  0.556996405      -3.44756953E-02
  0.557996392      -3.44693474E-02
  0.558996379      -3.44627202E-02
  0.559996367      -3.44558097E-02
  0.560996354      -3.44486199E-02
  0.561996341      -3.44411470E-02
  0.562996328      -3.44333947E-02
  0.563996315      -3.44253629E-02
  0.564996302      -3.44170481E-02
  0.565996289      -3.44084539E-02
  0.566996276      -3.43995802E-02
  0.567996264      -3.43904272E-02
  0.568996251      -3.43809947E-02
  0.569996238      -3.43712829E-02
  0.570996225      -3.43612880E-02
  0.571996212      -3.43510136E-02
  0.572996199      -3.43404599E-02
  0.573996186      -3.43296304E-02
  0.574996173      -3.43185216E-02
  0.575996161      -3.43071334E-02
  0.576996148      -3.42954658E-02
  0.577996135      -3.42835188E-02
  0.578996122      -3.42712924E-02
  0.579996109      -3.42587903E-02
  0.580996096      -3.42460088E-02
  0.581996083      -3.42329517E-02
  0.582996070      -3.42196152E-02
  0.583996058      -3.42060030E-02
  0.584996045      -3.41921113E-02
  0.585996032      -3.41779441E-02
  0.586996019      -3.41634974E-02
  0.587996006      -3.41487750E-02
  0.588995993      -3.41337770E-02
  0.589995980      -3.41185033E-02
  0.590995967      -3.41029502E-02
  0.591995955      -3.40871215E-02
  0.592995942      -3.40710171E-02
  0.593995929      -3.40546370E-02
  0.594995916      -3.40379812E-02
  0.595995903      -3.40210535E-02
  0.596995890      -3.40038501E-02
  0.597995877      -3.39863710E-02
  0.598995864      -3.39686163E-02
  0.599995852      -3.39505896E-02
  0.600995839      -3.39322872E-02
  0.601995826      -3.39137092E-02
  0.602995813      -3.38948593E-02
  0.603995800      -3.38757373E-02
  0.604995787      -3.38563398E-02
  0.605995774      -3.38366702E-02
  0.606995761      -3.38167287E-02
  0.607995749      -3.37965116E-02
  0.608995736      -3.37760225E-02
  0.609995723      -3.37552615E-02
  0.610995710      -3.37342285E-02
  0.611995697      -3.37129235E-02
  0.612995684      -3.36913504E-02
  0.613995671      -3.36695053E-02
  0.614995658      -3.36473882E-02
  0.615995646      -3.36249992E-02
  0.616995633      -3.36023420E-02
  0.617995620      -3.35794128E-02
  0.618995607      -3.35562155E-02
  0.619995594      -3.35327461E-02
  0.620995581      -3.35090086E-02
  0.621995568      -3.34850028E-02
  0.622995555      -3.34607288E-02
  0.623995543      -3.34361866E-02
  0.624995530      -3.34113762E-02
  0.625995517      -3.33862975E-02
  0.626995504      -3.33609506E-02
  0.627995491      -3.33353356E-02
  0.628995478      -3.33094522E-02
  0.629995465      -3.32833044E-02
  0.630995452      -3.32568884E-02
  0.631995440      -3.32302041E-02
  0.632995427      -3.32032554E-02
  0.633995414      -3.31760421E-02
  0.634995401      -3.31485607E-02
  0.635995388      -3.31208147E-02
  0.636995375      -3.30928043E-02
  0.637995362      -3.30645293E-02
  0.638995349      -3.30359899E-02
  0.639995337      -3.30071859E-02
  0.640995324      -3.29781175E-02
  0.641995311      -3.29487883E-02
  0.642995298      -3.29191945E-02
  0.643995285      -3.28893401E-02
  0.644995272      -3.28592211E-02
  0.645995259      -3.28288414E-02
  0.646995246      -3.27981971E-02
  0.647995234      -3.27672921E-02
  0.648995221      -3.27361263E-02
  0.649995208      -3.27046998E-02
  0.650995195      -3.26730125E-02
  0.651995182      -3.26410644E-02
  0.652995169      -3.26088592E-02
  0.653995156      -3.25763933E-02
  0.654995143      -3.25436667E-02
  0.655995131      -3.25106829E-02
  0.656995118      -3.24774384E-02
  0.657995105      -3.24439369E-02
  0.658995092      -3.24101783E-02
  0.659995079      -3.23761627E-02
  0.660995066      -3.23418900E-02
  0.661995053      -3.23073603E-02
  0.662995040      -3.22725736E-02
  0.663995028      -3.22375298E-02
  0.664995015      -3.22022326E-02
  0.665995002      -3.21666785E-02
  0.666994989      -3.21308710E-02
  0.667994976      -3.20948064E-02
  0.668994963      -3.20584886E-02
  0.669994950      -3.20219174E-02
  0.670994937      -3.19850929E-02
  0.671994925      -3.19480151E-02
  0.672994912      -3.19106840E-02
  0.673994899      -3.18730995E-02
  0.674994886      -3.18352655E-02
  0.675994873      -3.17971781E-02
  0.676994860      -3.17588411E-02
  0.677994847      -3.17202508E-02
  0.678994834      -3.16814110E-02
  0.679994822      -3.16423215E-02
  0.680994809      -3.16029824E-02
  0.681994796      -3.15633938E-02
  0.682994783      -3.15235555E-02
  0.683994770      -3.14834714E-02
  0.684994757      -3.14431377E-02
  0.685994744      -3.14025581E-02
  0.686994731      -3.13617289E-02
  0.687994719      -3.13206539E-02
  0.688994706      -3.12793329E-02
  0.689994693      -3.12377643E-02
  0.690994680      -3.11959516E-02
  0.691994667      -3.11538931E-02
  0.692994654      -3.11115906E-02
  0.693994641      -3.10690440E-02
  0.694994628      -3.10262535E-02
  0.695994616      -3.09832189E-02
  0.696994603      -3.09399404E-02
  0.697994590      -3.08964197E-02
  0.698994577      -3.08526568E-02
  0.699994564      -3.08086518E-02
  0.700994551      -3.07644065E-02
  0.701994538      -3.07199210E-02
  0.702994525      -3.06751952E-02
  0.703994513      -3.06302290E-02
  0.704994500      -3.05850226E-02
  0.705994487      -3.05395778E-02
  0.706994474      -3.04938946E-02
  0.707994461      -3.04479729E-02
  0.708994448      -3.04018129E-02
  0.709994435      -3.03554162E-02
  0.710994422      -3.03087831E-02
  0.711994410      -3.02619133E-02
  0.712994397      -3.02148089E-02
  0.713994384      -3.01674679E-02
  0.714994371      -3.01198922E-02
  0.715994358      -3.00720818E-02
  0.716994345      -3.00240386E-02
  0.717994332      -2.99757607E-02
  0.718994319      -2.99272500E-02
  0.719994307      -2.98785083E-02
  0.720994294      -2.98295338E-02
  0.721994281      -2.97803283E-02
  0.722994268      -2.97308918E-02
  0.723994255      -2.96812244E-02
  0.724994242      -2.96313278E-02
  0.725994229      -2.95812003E-02
  0.726994216      -2.95308437E-02
  0.727994204      -2.94802599E-02
  0.728994191      -2.94294469E-02
  0.729994178      -2.93784067E-02
  0.730994165      -2.93271393E-02
  0.731994152      -2.92756464E-02
  0.732994139      -2.92239264E-02
  0.733994126      -2.91719809E-02
  0.734994113      -2.91198120E-02
  0.735994101      -2.90674176E-02
  0.736994088      -2.90147997E-02
  0.737994075      -2.89619584E-02
  0.738994062      -2.89088935E-02
  0.739994049      -2.88556069E-02
  0.740994036      -2.88020987E-02
  0.741994023      -2.87483688E-02
  0.742994010      -2.86944192E-02
  0.743993998      -2.86402479E-02
  0.744993985      -2.85858568E-02
  0.745993972      -2.85312477E-02
  0.746993959      -2.84764189E-02
  0.747993946      -2.84213722E-02
  0.748993933      -2.83661094E-02
  0.749993920      -2.83106286E-02
  0.750993907      -2.82549318E-02
  0.751993895      -2.81990189E-02
  0.752993882      -2.81428918E-02
  0.753993869      -2.80865487E-02
  0.754993856      -2.80299913E-02
  0.755993843      -2.79732216E-02
  0.756993830      -2.79162377E-02
  0.757993817      -2.78590415E-02
  0.758993804      -2.78016347E-02
  0.759993792      -2.77440157E-02
  0.760993779      -2.76861861E-02
  0.761993766      -2.76281461E-02
  0.762993753      -2.75698975E-02
  0.763993740      -2.75114384E-02
  0.764993727      -2.74527725E-02
  0.765993714      -2.73938980E-02
  0.766993701      -2.73348168E-02
  0.767993689      -2.72755288E-02
  0.768993676      -2.72160340E-02
  0.769993663      -2.71563344E-02
  0.770993650      -2.70964298E-02
  0.771993637      -2.70363204E-02
  0.772993624      -2.69760080E-02
  0.773993611      -2.69154925E-02
  0.774993598      -2.68547740E-02
  0.775993586      -2.67938543E-02
  0.776993573      -2.67327335E-02
  0.777993560      -2.66714115E-02
  0.778993547      -2.66098902E-02
  0.779993534      -2.65481696E-02
  0.780993521      -2.64862496E-02
  0.781993508      -2.64241323E-02
  0.782993495      -2.63618175E-02
  0.783993483      -2.62993053E-02
  0.784993470      -2.62365956E-02
  0.785993457      -2.61736903E-02
  0.786993444      -2.61105914E-02
  0.787993431      -2.60472968E-02
  0.788993418      -2.59838086E-02
  0.789993405      -2.59201284E-02
  0.790993392      -2.58562546E-02
  0.791993380      -2.57921889E-02
  0.792993367      -2.57279333E-02
  0.793993354      -2.56634858E-02
  0.794993341      -2.55988482E-02
  0.795993328      -2.55340226E-02
  0.796993315      -2.54690088E-02
  0.797993302      -2.54038069E-02
  0.798993289      -2.53384169E-02
  0.799993277      -2.52728406E-02
  0.800993264      -2.52070781E-02
  0.801993251      -2.51411311E-02
  0.802993238      -2.50749998E-02
  0.803993225      -2.50086840E-02
  0.804993212      -2.49421839E-02
  0.805993199      -2.48755012E-02
  0.806993186      -2.48086378E-02
  0.807993174      -2.47415919E-02
  0.808993161      -2.46743672E-02
  0.809993148      -2.46069618E-02
  0.810993135      -2.45393775E-02
  0.811993122      -2.44716145E-02
  0.812993109      -2.44036727E-02
  0.813993096      -2.43355539E-02
  0.814993083      -2.42672600E-02
  0.815993071      -2.41987891E-02
  0.816993058      -2.41301432E-02
  0.817993045      -2.40613241E-02
  0.818993032      -2.39923298E-02
  0.819993019      -2.39231642E-02
  0.820993006      -2.38538254E-02
  0.821992993      -2.37843152E-02
  0.822992980      -2.37146337E-02
  0.823992968      -2.36447826E-02
  0.824992955      -2.35747620E-02
  0.825992942      -2.35045739E-02
  0.826992929      -2.34342162E-02
  0.827992916      -2.33636927E-02
  0.828992903      -2.32930016E-02
  0.829992890      -2.32221447E-02
  0.830992877      -2.31511239E-02
  0.831992865      -2.30799373E-02
  0.832992852      -2.30085887E-02
  0.833992839      -2.29370762E-02
  0.834992826      -2.28654016E-02
  0.835992813      -2.27935649E-02
  0.836992800      -2.27215681E-02
  0.837992787      -2.26494111E-02
  0.838992774      -2.25770958E-02
  0.839992762      -2.25046221E-02
  0.840992749      -2.24319901E-02
  0.841992736      -2.23592017E-02
  0.842992723      -2.22862568E-02
  0.843992710      -2.22131573E-02
  0.844992697      -2.21399032E-02
  0.845992684      -2.20664944E-02
  0.846992671      -2.19929330E-02
  0.847992659      -2.19192188E-02
  0.848992646      -2.18453538E-02
  0.849992633      -2.17713378E-02
  0.850992620      -2.16971710E-02
  0.851992607      -2.16228552E-02
  0.852992594      -2.15483904E-02
  0.853992581      -2.14737784E-02
  0.854992568      -2.13990193E-02
  0.855992556      -2.13241149E-02
  0.856992543      -2.12490652E-02
  0.857992530      -2.11738702E-02
  0.858992517      -2.10985318E-02
  0.859992504      -2.10230500E-02
  0.860992491      -2.09474266E-02
  0.861992478      -2.08716616E-02
  0.862992465      -2.07957551E-02
  0.863992453      -2.07197089E-02
  0.864992440      -2.06435230E-02
  0.865992427      -2.05671992E-02
  0.866992414      -2.04907376E-02
  0.867992401      -2.04141401E-02
  0.868992388      -2.03374065E-02
  0.869992375      -2.02605389E-02
  0.870992362      -2.01835372E-02
  0.871992350      -2.01064013E-02
  0.872992337      -2.00291332E-02
  0.873992324      -1.99517328E-02
  0.874992311      -1.98742021E-02
  0.875992298      -1.97965410E-02
  0.876992285      -1.97187513E-02
  0.877992272      -1.96408331E-02
  0.878992260      -1.95627864E-02
  0.879992247      -1.94846131E-02
  0.880992234      -1.94063149E-02
  0.881992221      -1.93278901E-02
  0.882992208      -1.92493424E-02
  0.883992195      -1.91706698E-02
  0.884992182      -1.90918762E-02
  0.885992169      -1.90129597E-02
  0.886992157      -1.89339221E-02
  0.887992144      -1.88547652E-02
  0.888992131      -1.87754892E-02
  0.889992118      -1.86960939E-02
  0.890992105      -1.86165813E-02
  0.891992092      -1.85369533E-02
  0.892992079      -1.84572097E-02
  0.893992066      -1.83773506E-02
  0.894992054      -1.82973780E-02
  0.895992041      -1.82172917E-02
  0.896992028      -1.81370936E-02
  0.897992015      -1.80567838E-02
  0.898992002      -1.79763641E-02
  0.899991989      -1.78958345E-02
  0.900991976      -1.78151950E-02
  0.901991963      -1.77344475E-02
  0.902991951      -1.76535938E-02
  0.903991938      -1.75726339E-02
  0.904991925      -1.74915679E-02
  0.905991912      -1.74103975E-02
  0.906991899      -1.73291247E-02
  0.907991886      -1.72477495E-02
  0.908991873      -1.71662718E-02
  0.909991860      -1.70846935E-02
  0.910991848      -1.70030147E-02
  0.911991835      -1.69212371E-02
  0.912991822      -1.68393627E-02
  0.913991809      -1.67573895E-02
  0.914991796      -1.66753214E-02
  0.915991783      -1.65931582E-02
  0.916991770      -1.65109001E-02
  0.917991757      -1.64285488E-02
  0.918991745      -1.63461044E-02
  0.919991732      -1.62635688E-02
  0.920991719      -1.61809418E-02
  0.921991706      -1.60982255E-02
  0.922991693      -1.60154197E-02
  0.923991680      -1.59325264E-02
  0.924991667      -1.58495456E-02
  0.925991654      -1.57664791E-02
  0.926991642      -1.56833269E-02
  0.927991629      -1.56000899E-02
  0.928991616      -1.55167701E-02
  0.929991603      -1.54333673E-02
  0.930991590      -1.53498836E-02
  0.931991577      -1.52663188E-02
  0.932991564      -1.51826749E-02
  0.933991551      -1.50989518E-02
  0.934991539      -1.50151514E-02
  0.935991526      -1.49312746E-02
  0.936991513      -1.48473214E-02
  0.937991500      -1.47632938E-02
  0.938991487      -1.46791916E-02
  0.939991474      -1.45950168E-02
  0.940991461      -1.45107703E-02
  0.941991448      -1.44264530E-02
  0.942991436      -1.43420650E-02
  0.943991423      -1.42576080E-02
  0.944991410      -1.41730830E-02
  0.945991397      -1.40884910E-02
  0.946991384      -1.40038328E-02
  0.947991371      -1.39191095E-02
  0.948991358      -1.38343219E-02
  0.949991345      -1.37494709E-02
  0.950991333      -1.36645576E-02
  0.951991320      -1.35795837E-02
  0.952991307      -1.34945493E-02
  0.953991294      -1.34094553E-02
  0.954991281      -1.33243036E-02
  0.955991268      -1.32390941E-02
  0.956991255      -1.31538287E-02
  0.957991242      -1.30685074E-02
  0.958991230      -1.29831322E-02
  0.959991217      -1.28977038E-02
  0.960991204      -1.28122233E-02
  0.961991191      -1.27266916E-02
  0.962991178      -1.26411095E-02
  0.963991165      -1.25554781E-02
  0.964991152      -1.24697983E-02
  0.965991139      -1.23840710E-02
  0.966991127      -1.22982971E-02
  0.967991114      -1.22124786E-02
  0.968991101      -1.21266153E-02
  0.969991088      -1.20407091E-02
  0.970991075      -1.19547611E-02
  0.971991062      -1.18687712E-02
  0.972991049      -1.17827412E-02
  0.973991036      -1.16966721E-02
  0.974991024      -1.16105648E-02
  0.975991011      -1.15244212E-02
  0.976990998      -1.14382412E-02
  0.977990985      -1.13520268E-02
  0.978990972      -1.12657780E-02
  0.979990959      -1.11794965E-02
  0.980990946      -1.10931834E-02
  0.981990933      -1.10068396E-02
  0.982990921      -1.09204659E-02
  0.983990908      -1.08340634E-02
  0.984990895      -1.07476329E-02
  0.985990882      -1.06611764E-02
  0.986990869      -1.05746938E-02
  0.987990856      -1.04881870E-02
  0.988990843      -1.04016569E-02
  0.989990830      -1.03151044E-02
  0.990990818      -1.02285305E-02
  0.991990805      -1.01419361E-02
  0.992990792      -1.00553231E-02
  0.993990779      -9.96869151E-03
  0.994990766      -9.88204312E-03
  0.995990753      -9.79537889E-03
  0.996990740      -9.70869977E-03
  0.997990727      -9.62200668E-03
  0.998990715      -9.53530055E-03
  0.999990702      -9.44858324E-03
   1.00099075      -9.36185569E-03
   1.00199080      -9.27511789E-03
   1.00299084      -9.18837171E-03
   1.00399089      -9.10161901E-03
   1.00499094      -9.01485980E-03
   1.00599098      -8.92809592E-03
   1.00699103      -8.84132739E-03
   1.00799108      -8.75455607E-03
   1.00899112      -8.66778288E-03
   1.00999117      -8.58100876E-03
   1.01099122      -8.49423558E-03
   1.01199126      -8.40746332E-03
   1.01299131      -8.32069386E-03
   1.01399136      -8.23392812E-03
   1.01499140      -8.14716704E-03
   1.01599145      -8.06041248E-03
   1.01699150      -7.97366444E-03
   1.01799154      -7.88692478E-03
   1.01899159      -7.80019490E-03
   1.01999164      -7.71347526E-03
   1.02099168      -7.62676727E-03
   1.02199173      -7.54007185E-03
   1.02299178      -7.45339040E-03
   1.02399182      -7.36672385E-03
   1.02499187      -7.28007313E-03
   1.02599192      -7.19343964E-03
   1.02699196      -7.10682478E-03
   1.02799201      -7.02022901E-03
   1.02899206      -6.93365419E-03
   1.02999210      -6.84710080E-03
   1.03099215      -6.76057022E-03
   1.03199220      -6.67406386E-03
   1.03299224      -6.58758264E-03
   1.03399229      -6.50112797E-03
   1.03499234      -6.41470077E-03
   1.03599238      -6.32830197E-03
   1.03699243      -6.24193298E-03
   1.03799248      -6.15559518E-03
   1.03899252      -6.06928952E-03
   1.03999257      -5.98301692E-03
   1.04099262      -5.89677878E-03
   1.04199266      -5.81057649E-03
   1.04299271      -5.72441099E-03
   1.04399276      -5.63828321E-03
   1.04499280      -5.55219455E-03
   1.04599285      -5.46614639E-03
   1.04699290      -5.38013969E-03
   1.04799294      -5.29417535E-03
   1.04899299      -5.20825479E-03
   1.04999304      -5.12237940E-03
   1.05099308      -5.03655011E-03
   1.05199313      -4.95076831E-03
   1.05299318      -4.86503495E-03
   1.05399323      -4.77935141E-03
   1.05499327      -4.69371863E-03
   1.05599332      -4.60813800E-03
   1.05699337      -4.52261092E-03
   1.05799341      -4.43713833E-03
   1.05899346      -4.35172161E-03
   1.05999351      -4.26636171E-03
   1.06099355      -4.18106001E-03
   1.06199360      -4.09581745E-03
   1.06299365      -4.01063543E-03
   1.06399369      -3.92551534E-03
   1.06499374      -3.84045811E-03
   1.06599379      -3.75546492E-03
   1.06699383      -3.67053715E-03
   1.06799388      -3.58567596E-03
   1.06899393      -3.50088254E-03
   1.06999397      -3.41615826E-03
   1.07099402      -3.33150430E-03
   1.07199407      -3.24692181E-03
   1.07299411      -3.16241197E-03
   1.07399416      -3.07797594E-03
   1.07499421      -2.99361511E-03
   1.07599425      -2.90933065E-03
   1.07699430      -2.82512396E-03
   1.07799435      -2.74099596E-03
   1.07899439      -2.65694829E-03
   1.07999444      -2.57298187E-03
   1.08099449      -2.48909788E-03
   1.08199453      -2.40529794E-03
   1.08299458      -2.32158299E-03
   1.08399463      -2.23795441E-03
   1.08499467      -2.15441338E-03
   1.08599472      -2.07096105E-03
   1.08699477      -1.98759884E-03
   1.08799481      -1.90432789E-03
   1.08899486      -1.82114949E-03
   1.08999491      -1.73806492E-03
   1.09099495      -1.65507547E-03
   1.09199500      -1.57218240E-03
   1.09299505      -1.48938689E-03
   1.09399509      -1.40669034E-03
   1.09499514      -1.32409390E-03
   1.09599519      -1.24159886E-03
   1.09699523      -1.15920661E-03
   1.09799528      -1.07691833E-03
   1.09899533      -9.94735281E-04
   1.09999537      -9.12658696E-04
   1.10099542      -8.30689911E-04
   1.10199547      -7.48830265E-04
   1.10299551      -6.67080982E-04
   1.10399556      -5.85443340E-04
   1.10499561      -5.03918622E-04
   1.10599566      -4.22508107E-04
   1.10699570      -3.41213134E-04
   1.10799575      -2.60034954E-04
   1.10899580      -1.78974879E-04
   1.10999584      -9.80341938E-05
   1.11099589      -1.72142099E-05
   1.11199594       6.34837779E-05
   1.11299598       1.44058460E-04
   1.11399603       2.24508549E-04
   1.11499608       3.04832734E-04
   1.11599612       3.85029707E-04
   1.11699617       4.65098128E-04
   1.11799622       5.45036746E-04
   1.11899626       6.24844222E-04
   1.11999631       7.04519218E-04
   1.12099636       7.84060452E-04
   1.12199640       8.63466528E-04
   1.12299645       9.42736224E-04
   1.12399650       1.02186820E-03
   1.12499654       1.10086112E-03
   1.12599659       1.17971364E-03
   1.12699664       1.25842437E-03
   1.12799668       1.33699202E-03
   1.12899673       1.41541532E-03
   1.12999678       1.49369286E-03
   1.13099682       1.57182338E-03
   1.13199687       1.64980558E-03
   1.13299692       1.72763795E-03
   1.13399696       1.80531933E-03
   1.13499701       1.88284833E-03
   1.13599706       1.96022354E-03
   1.13699710       2.03744369E-03
   1.13799715       2.11450737E-03
   1.13899720       2.19141319E-03
   1.13999724       2.26815976E-03
   1.14099729       2.34474591E-03
   1.14199734       2.42117024E-03
   1.14299738       2.49743136E-03
   1.14399743       2.57352786E-03
   1.14499748       2.64945836E-03
   1.14599752       2.72522168E-03
   1.14699757       2.80081620E-03
   1.14799762       2.87624076E-03
   1.14899766       2.95149395E-03
   1.14999771       3.02657438E-03
   1.15099776       3.10148066E-03
   1.15199780       3.17621138E-03
   1.15299785       3.25076515E-03
   1.15399790       3.32514057E-03
   1.15499794       3.39933648E-03
   1.15599799       3.47335124E-03
   1.15699804       3.54718370E-03
   1.15799809       3.62083223E-03
   1.15899813       3.69429565E-03
   1.15999818       3.76757258E-03
   1.16099823       3.84066137E-03
   1.16199827       3.91356088E-03
   1.16299832       3.98626970E-03
   1.16399837       4.05878620E-03
   1.16499841       4.13110899E-03
   1.16599846       4.20323713E-03
   1.16699851       4.27516876E-03
   1.16799855       4.34690248E-03
   1.16899860       4.41843737E-03
   1.16999865       4.48977156E-03
   1.17099869       4.56090365E-03
   1.17199874       4.63183271E-03
   1.17299879       4.70255688E-03
   1.17399883       4.77307476E-03
   1.17499888       4.84338496E-03
   1.17599893       4.91348607E-03
   1.17699897       4.98337671E-03
   1.17799902       5.05305547E-03
   1.17899907       5.12252096E-03
   1.17999911       5.19177178E-03
   1.18099916       5.26080653E-03
   1.18199921       5.32962335E-03
   1.18299925       5.39822131E-03
   1.18399930       5.46659902E-03
   1.18499935       5.53475460E-03
   1.18599939       5.60268713E-03
   1.18699944       5.67039475E-03
   1.18799949       5.73787605E-03
   1.18899953       5.80512965E-03
   1.18999958       5.87215414E-03
   1.19099963       5.93894813E-03
   1.19199967       6.00551022E-03
   1.19299972       6.07183902E-03
   1.19399977       6.13793265E-03
   1.19499981       6.20379020E-03
   1.19599986       6.26940979E-03
   1.19699991       6.33479049E-03
   1.19799995       6.39993045E-03
   1.19900000       6.46482827E-03
   1.20000005       6.52948255E-03
   1.20100009       6.59389142E-03
   1.20200014       6.65805396E-03
   1.20300019       6.72196830E-03
   1.20400023       6.78563351E-03
   1.20500028       6.84904773E-03
   1.20600033       6.91220956E-03
   1.20700037       6.97511761E-03
   1.20800042       7.03777000E-03
   1.20900047       7.10016582E-03
   1.21000051       7.16230320E-03
   1.21100056       7.22418074E-03
   1.21200061       7.28579704E-03
   1.21300066       7.34715071E-03
   1.21400070       7.40823988E-03
   1.21500075       7.46906362E-03
   1.21600080       7.52962008E-03
   1.21700084       7.58990785E-03
   1.21800089       7.64992554E-03
   1.21900094       7.70967128E-03
   1.22000098       7.76914414E-03
   1.22100103       7.82834180E-03
   1.22200108       7.88726378E-03
   1.22300112       7.94590823E-03
   1.22400117       8.00427329E-03
   1.22500122       8.06235801E-03
   1.22600126       8.12016055E-03
   1.22700131       8.17767903E-03
   1.22800136       8.23491253E-03
   1.22900140       8.29185918E-03
   1.23000145       8.34851712E-03
   1.23100150       8.40488542E-03
   1.23200154       8.46096314E-03
   1.23300159       8.51674750E-03
   1.23400164       8.57223757E-03
   1.23500168       8.62743240E-03
   1.23600173       8.68232921E-03
   1.23700178       8.73692706E-03
   1.23800182       8.79122503E-03
   1.23900187       8.84522125E-03
   1.24000192       8.89891386E-03
   1.24100196       8.95230100E-03
   1.24200201       9.00538173E-03
   1.24300206       9.05815512E-03
   1.24400210       9.11061838E-03
   1.24500215       9.16277058E-03
   1.24600220       9.21460986E-03
   1.24700224       9.26613528E-03
   1.24800229       9.31734499E-03
   1.24900234       9.36823711E-03
   1.25000238       9.41881072E-03
   1.25100243       9.46906395E-03
   1.25200248       9.51899495E-03
   1.25300252       9.56860278E-03
   1.25400257       9.61788557E-03
   1.25500262       9.66684148E-03
   1.25600266       9.71546955E-03
   1.25700271       9.76376794E-03
   1.25800276       9.81173478E-03
   1.25900280       9.85936914E-03
   1.26000285       9.90666915E-03
   1.26100290       9.95363295E-03
   1.26200294       1.00002596E-02
   1.26300299       1.00465473E-02
   1.26400304       1.00924941E-02
   1.26500309       1.01380991E-02
   1.26600313       1.01833595E-02
   1.26700318       1.02282753E-02
   1.26800323       1.02728438E-02
   1.26900327       1.03170639E-02
   1.27000332       1.03609338E-02
   1.27100337       1.04044518E-02
   1.27200341       1.04476167E-02
   1.27300346       1.04904268E-02
   1.27400351       1.05328802E-02
   1.27500355       1.05749760E-02
   1.27600360       1.06167123E-02
   1.27700365       1.06580872E-02
   1.27800369       1.06990989E-02
   1.27900374       1.07397465E-02
   1.28000379       1.07800281E-02
   1.28100383       1.08199418E-02
   1.28200388       1.08594866E-02
   1.28300393       1.08986609E-02
   1.28400397       1.09374626E-02
   1.28500402       1.09758899E-02
   1.28600407       1.10139418E-02
   1.28700411       1.10516166E-02
   1.28800416       1.10889124E-02
   1.28900421       1.11258281E-02
   1.29000425       1.11623621E-02
   1.29100430       1.11985123E-02
   1.29200435       1.12342769E-02
   1.29300439       1.12696551E-02
   1.29400444       1.13046439E-02
   1.29500449       1.13392435E-02
   1.29600453       1.13734510E-02
   1.29700458       1.14072654E-02
   1.29800463       1.14406841E-02
   1.29900467       1.14737069E-02
   1.30000472       1.15063312E-02
   1.30100477       1.15385558E-02
   1.30200481       1.15703782E-02
   1.30300486       1.16017982E-02
   1.30400491       1.16328131E-02
   1.30500495       1.16634220E-02
   1.30600500       1.16936220E-02
   1.30700505       1.17234122E-02
   1.30800509       1.17527917E-02
   1.30900514       1.17817577E-02
   1.31000519       1.18103093E-02
   1.31100523       1.18384445E-02
   1.31200528       1.18661616E-02
   1.31300533       1.18934596E-02
   1.31400537       1.19203366E-02
   1.31500542       1.19467909E-02
   1.31600547       1.19728204E-02
   1.31700552       1.19984234E-02
   1.31800556       1.20235989E-02
   1.31900561       1.20483451E-02
   1.32000566       1.20726600E-02
   1.32100570       1.20965419E-02
   1.32200575       1.21199889E-02
   1.32300580       1.21430000E-02
   1.32400584       1.21655734E-02
   1.32500589       1.21877072E-02
   1.32600594       1.22093996E-02
   1.32700598       1.22306496E-02
   1.32800603       1.22514553E-02
   1.32900608       1.22718150E-02
   1.33000612       1.22917267E-02
   1.33100617       1.23111885E-02
   1.33200622       1.23301996E-02
   1.33300626       1.23487571E-02
   1.33400631       1.23668602E-02
   1.33500636       1.23845069E-02
   1.33600640       1.24016963E-02
   1.33700645       1.24184256E-02
   1.33800650       1.24346940E-02
   1.33900654       1.24504995E-02
   1.34000659       1.24658402E-02
   1.34100664       1.24807144E-02
   1.34200668       1.24951201E-02
   1.34300673       1.25090564E-02
   1.34400678       1.25225214E-02
   1.34500682       1.25355134E-02
   1.34600687       1.25480304E-02
   1.34700692       1.25600705E-02
   1.34800696       1.25716319E-02
   1.34900701       1.25827137E-02
   1.35000706       1.25933141E-02
   1.35100710       1.26034310E-02
   1.35200715       1.26130627E-02
   1.35300720       1.26222074E-02
   1.35400724       1.26308640E-02
   1.35500729       1.26390299E-02
   1.35600734       1.26467040E-02
   1.35700738       1.26538845E-02
   1.35800743       1.26605695E-02
   1.35900748       1.26667572E-02
   1.36000752       1.26724467E-02
   1.36100757       1.26776351E-02
   1.36200762       1.26823215E-02
   1.36300766       1.26865041E-02
   1.36400771       1.26901809E-02
   1.36500776       1.26933502E-02
   1.36600780       1.26960101E-02
   1.36700785       1.26981586E-02
   1.36800790       1.26997950E-02
   1.36900795       1.27009172E-02
   1.37000799       1.27015226E-02
   1.37100804       1.27016101E-02
   1.37200809       1.27011780E-02
   1.37300813       1.27002252E-02
   1.37400818       1.26987491E-02
   1.37500823       1.26967477E-02
   1.37600827       1.26942201E-02
   1.37700832       1.26911644E-02
   1.37800837       1.26875788E-02
   1.37900841       1.26834605E-02
   1.38000846       1.26788095E-02
   1.38100851       1.26736229E-02
   1.38200855       1.26678990E-02
   1.38300860       1.26616359E-02
   1.38400865       1.26548326E-02
   1.38500869       1.26474872E-02
   1.38600874       1.26395971E-02
   1.38700879       1.26311611E-02
   1.38800883       1.26221776E-02
   1.38900888       1.26126446E-02
   1.39000893       1.26025602E-02
   1.39100897       1.25919236E-02
   1.39200902       1.25807319E-02
   1.39300907       1.25689842E-02
   1.39400911       1.25566777E-02
   1.39500916       1.25438115E-02
   1.39600921       1.25303837E-02
   1.39700925       1.25163915E-02
   1.39800930       1.25018340E-02
   1.39900935       1.24867093E-02
   1.40000939       1.24710156E-02
   1.40100944       1.24547519E-02
   1.40200949       1.24379154E-02
   1.40300953       1.24205044E-02
   1.40400958       1.24025177E-02
   1.40500963       1.23839527E-02
   1.40600967       1.23648085E-02
   1.40700972       1.23450831E-02
   1.40800977       1.23247737E-02
   1.40900981       1.23038795E-02
   1.41000986       1.22823985E-02
   1.41100991       1.22603290E-02
   1.41200995       1.22376690E-02
   1.41301000       1.22144166E-02
   1.41401005       1.21905711E-02
   1.41501009       1.21661294E-02
   1.41601014       1.21410899E-02
   1.41701019       1.21154515E-02
   1.41801023       1.20892115E-02
   1.41901028       1.20623689E-02
   1.42001033       1.20349210E-02
   1.42101038       1.20068667E-02
   1.42201042       1.19782034E-02
   1.42301047       1.19489301E-02
   1.42401052       1.19190449E-02
   1.42501056       1.18885459E-02
   1.42601061       1.18574314E-02
   1.42701066       1.18256994E-02
   1.42801070       1.17933480E-02
   1.42901075       1.17603755E-02
   1.43001080       1.17267799E-02
   1.43101084       1.16925593E-02
   1.43201089       1.16577120E-02
   1.43301094       1.16222361E-02
   1.43401098       1.15861297E-02
   1.43501103       1.15493918E-02
   1.43601108       1.15120197E-02
   1.43701112       1.14740115E-02
   1.43801117       1.14353653E-02
   1.43901122       1.13960803E-02
   1.44001126       1.13561535E-02
   1.44101131       1.13155842E-02
   1.44201136       1.12743694E-02
   1.44301140       1.12325083E-02
   1.44401145       1.11899981E-02
   1.44501150       1.11468378E-02
   1.44601154       1.11030247E-02
   1.44701159       1.10585578E-02
   1.44801164       1.10134343E-02
   1.44901168       1.09676532E-02
   1.45001173       1.09212128E-02
   1.45101178       1.08741103E-02
   1.45201182       1.08263446E-02
   1.45301187       1.07779130E-02
   1.45401192       1.07288146E-02
   1.45501196       1.06790476E-02
   1.45601201       1.06286090E-02
   1.45701206       1.05774980E-02
   1.45801210       1.05257127E-02
   1.45901215       1.04732504E-02
   1.46001220       1.04201101E-02
   1.46101224       1.03662899E-02
   1.46201229       1.03117870E-02
   1.46301234       1.02566006E-02
   1.46401238       1.02007287E-02
   1.46501243       1.01441685E-02
   1.46601248       1.00869192E-02
   1.46701252       1.00289788E-02
   1.46801257       9.97034460E-03
   1.46901262       9.91101563E-03
   1.47001266       9.85098910E-03
   1.47101271       9.79026407E-03
   1.47201276       9.72883869E-03
   1.47301280       9.66671016E-03
   1.47401285       9.60387755E-03
   1.47501290       9.54033807E-03
   1.47601295       9.47609078E-03
   1.47701299       9.41113289E-03
   1.47801304       9.34546255E-03
   1.47901309       9.27907880E-03
   1.48001313       9.21197888E-03
   1.48101318       9.14416090E-03
   1.48201323       9.07562394E-03
   1.48301327       9.00636520E-03
   1.48401332       8.93638283E-03
   1.48501337       8.86567496E-03
   1.48601341       8.79424065E-03
   1.48701346       8.72207712E-03
   1.48801351       8.64918251E-03
   1.48901355       8.57555494E-03
   1.49001360       8.50119255E-03
   1.49101365       8.42609350E-03
   1.49201369       8.35025590E-03
   1.49301374       8.27367790E-03
   1.49401379       8.19635671E-03
   1.49501383       8.11829139E-03
   1.49601388       8.03948008E-03
   1.49701393       7.95991998E-03
   1.49801397       7.87961017E-03
   1.49901402       7.79854832E-03
   1.50001407       7.71673257E-03
   1.50101411       7.63416104E-03
   1.50201416       7.55083188E-03
   1.50301421       7.46674323E-03
   1.50401425       7.38189276E-03
   1.50501430       7.29627861E-03
   1.50601435       7.20989937E-03
   1.50701439       7.12275272E-03
   1.50801444       7.03483680E-03
   1.50901449       6.94614975E-03
   1.51001453       6.85668923E-03
   1.51101458       6.76645385E-03
   1.51201463       6.67544128E-03
   1.51301467       6.58365013E-03
   1.51401472       6.49107806E-03
   1.51501477       6.39772322E-03
   1.51601481       6.30358374E-03
   1.51701486       6.20865729E-03
   1.51801491       6.11294247E-03
   1.51901495       6.01643696E-03
   1.52001500       5.91913890E-03
   1.52101505       5.82104642E-03
   1.52201509       5.72215766E-03
   1.52301514       5.62247075E-03
   1.52401519       5.52198337E-03
   1.52501523       5.42069413E-03
   1.52601528       5.31860068E-03
   1.52701533       5.21570118E-03
   1.52801538       5.11199376E-03
   1.52901542       5.00747608E-03
   1.53001547       4.90214676E-03
   1.53101552       4.79600346E-03
   1.53201556       4.68904432E-03
   1.53301561       4.58126748E-03
   1.53401566       4.47267061E-03
   1.53501570       4.36325232E-03
   1.53601575       4.25301027E-03
   1.53701580       4.14194260E-03
   1.53801584       4.03004745E-03
   1.53901589       3.91732249E-03
   1.54001594       3.80376610E-03
   1.54101598       3.68937640E-03
   1.54201603       3.57415108E-03
   1.54301608       3.45808850E-03
   1.54401612       3.34118656E-03
   1.54501617       3.22344317E-03
   1.54601622       3.10485647E-03
   1.54701626       2.98542459E-03
   1.54801631       2.86514545E-03
   1.54901636       2.74401694E-03
   1.55001640       2.62203719E-03
   1.55101645       2.49920436E-03
   1.55201650       2.37551634E-03
   1.55301654       2.25097127E-03
   1.55401659       2.12556706E-03
   1.55501664       1.99930184E-03
   1.55601668       1.87217339E-03
   1.55701673       1.74417999E-03
   1.55801678       1.61531952E-03
   1.55901682       1.48559001E-03
   1.56001687       1.35498948E-03
   1.56101692       1.22351595E-03
   1.56201696       1.09116745E-03
   1.56301701       9.57941927E-04
   1.56401706       8.23837414E-04
   1.56501710       6.88851927E-04
   1.56601715       5.52983489E-04
   1.56701720       4.16230119E-04
   1.56801724       2.78589810E-04
   1.56901729       1.40060569E-04
