   0.00000000       1.00504994    
   1.00999999       1.01012540    
   2.01999998       1.01522648    
   3.02999997       1.02035332    
   4.03999996       1.02550614    
   5.05000019       1.03068495    
   6.06000042       1.03588986    
   7.07000065       1.04112113    
   8.08000088       1.04637873    
   9.09000111       1.05166292    
   10.1000013       1.05697381    
   11.1100016       1.06231153    
   12.1200018       1.06767619    
   13.1300020       1.07306790    
   14.1400023       1.07848692    
   15.1500025       1.08393323    
   16.1600018       1.08940709    
   17.1700020       1.09490860    
   18.1800022       1.10043788    
   19.1900024       1.10599506    
   20.2000027       1.11158037    
   21.2100029       1.11719382    
   22.2200031       1.12283564    
   23.2300034       1.12850595    
   24.2400036       1.13420486    
   25.2500038       1.13993263    
   26.2600040       1.14568925    
   27.2700043       1.15147495    
   28.2800045       1.15728986    
   29.2900047       1.16313422    
   30.3000050       1.16900802    
   31.3100052       1.17491150    
   32.3200035       1.18084478    
   33.3300018       1.18680811    
   34.3400002       1.19280148    
   35.3499985       1.19882512    
   36.3599968       1.20487916    
   37.3699951       1.21096385    
   38.3799934       1.21707916    
   39.3899918       1.22322536    
   40.3999901       1.22940266    
   41.4099884       1.23561120    
   42.4199867       1.24185109    
   43.4299850       1.24812245    
   44.4399834       1.25442553    
   45.4499817       1.26076043    
   46.4599800       1.26712728    
   47.4699783       1.27352631    
   48.4799767       1.27995765    
   49.4899750       1.28642142    
   50.4999733       1.29291785    
   51.5099716       1.29944706    
   52.5199699       1.30600929    
   53.5299683       1.31260467    
   54.5399666       1.31923330    
   55.5499649       1.32589543    
   56.5599632       1.33259118    
   57.5699615       1.33932078    
   58.5799599       1.34608436    
   59.5899582       1.35288203    
   60.5999565       1.35971403    
   61.6099548       1.36658061    
   62.6199532       1.37348187    
   63.6299515       1.38041794    
   64.6399536       1.38738906    
   65.6499557       1.39439535    
   66.6599579       1.40143704    
   67.6699600       1.40851426    
   68.6799622       1.41562724    
   69.6899643       1.42277610    
   70.6999664       1.42996109    
   71.7099686       1.43718243    
   72.7199707       1.44444025    
   73.7299728       1.45173466    
   74.7399750       1.45906591    
   75.7499771       1.46643424    
   76.7599792       1.47383976    
   77.7699814       1.48128259    
   78.7799835       1.48876309    
   79.7899857       1.49628139    
   80.7999878       1.50383759    
   81.8099899       1.51143193    
   82.8199921       1.51906466    
   83.8299942       1.52673590    
   84.8399963       1.53444588    
   85.8499985       1.54219484    
   86.8600006       1.54998291    
   87.8700027       1.55781031    
   88.8800049       1.56567729    
   89.8900070       1.57358396    
   90.9000092       1.58153057    
   91.9100113       1.58951735    
   92.9200134       1.59754443    
   93.9300156       1.60561204    
   94.9400177       1.61372042    
   95.9500198       1.62186968    
   96.9600220       1.63006008    
   97.9700241       1.63829184    
   98.9800262       1.64656520    
   99.9900284       1.65488040    
   101.000031       1.66323757    
   102.010033       1.67163694    
   103.020035       1.68007874    
   104.030037       1.68856311    
   105.040039       1.69709039    
   106.050041       1.70566070    
   107.060043       1.71427429    
   108.070045       1.72293139    
   109.080048       1.73163223    
   110.090050       1.74037695    
   111.100052       1.74916589    
   112.110054       1.75799918    
   113.120056       1.76687706    
   114.130058       1.77579975    
   115.140060       1.78476751    
   116.150063       1.79378057    
   117.160065       1.80283916    
   118.170067       1.81194353    
   119.180069       1.82109380    
   120.190071       1.83029032    
   121.200073       1.83953333    
   122.210075       1.84882295    
   123.220078       1.85815954    
   124.230080       1.86754322    
   125.240082       1.87697434    
   126.250084       1.88645303    
   127.260086       1.89597964    
   128.270081       1.90555429    
   129.280075       1.91517735    
   130.290070       1.92484903    
   131.300064       1.93456948    
   132.310059       1.94433904    
   133.320053       1.95415795    
   134.330048       1.96402645    
   135.340042       1.97394478    
   136.350037       1.98391318    
   137.360031       1.99393189    
   138.370026       2.00400114    
   139.380020       2.01412129    
   140.390015       2.02429271    
   141.400009       2.03451538    
   142.410004       2.04478979    
   143.419998       2.05511594    
   144.429993       2.06549430    
   145.439987       2.07592511    
   146.449982       2.08640862    
   147.459976       2.09694505    
   148.469971       2.10753465    
   149.479965       2.11817765    
   150.489960       2.12887454    
   151.499954       2.13962531    
   152.509949       2.15043044    
   153.519943       2.16129017    
   154.529938       2.17220473    
   155.539932       2.18317437    
   156.549927       2.19419932    
   157.559921       2.20528007    
   158.569916       2.21641684    
   159.579910       2.22760963    
   160.589905       2.23885918    
   161.599899       2.25016546    
   162.609894       2.26152873    
   163.619888       2.27294946    
   164.629883       2.28442788    
   165.639877       2.29596424    
   166.649872       2.30755877    
   167.659866       2.31921196    
   168.669861       2.33092403    
   169.679855       2.34269524    
   170.689850       2.35452580    
   171.699844       2.36641622    
   172.709839       2.37836671    
   173.719833       2.39037752    
   174.729828       2.40244889    
   175.739822       2.41458130    
   176.749817       2.42677498    
   177.759811       2.43903017    
   178.769806       2.45134735    
   179.779800       2.46372676    
   180.789795       2.47616863    
   181.799789       2.48867321    
   182.809784       2.50124097    
   183.819778       2.51387215    
   184.829773       2.52656722    
   185.839767       2.53932643    
   186.849762       2.55215001    
   187.859756       2.56503844    
   188.869751       2.57799196    
   189.879745       2.59101081    
   190.889740       2.60409546    
   191.899734       2.61724615    
   192.909729       2.63046336    
   193.919724       2.64374709    
   194.929718       2.65709805    
   195.939713       2.67051649    
   196.949707       2.68400264    
   197.959702       2.69755673    
   198.969696       2.71117949    
   199.979691       2.72487092    
   200.989685       2.73863149    
   201.999680       2.75246167    
   203.009674       2.76636171    
   204.019669       2.78033185    
   205.029663       2.79437256    
   206.039658       2.80848408    
   207.049652       2.82266688    
   208.059647       2.83692145    
   209.069641       2.85124779    
   210.079636       2.86564660    
   211.089630       2.88011813    
   212.099625       2.89466262    
   213.109619       2.90928078    
   214.119614       2.92397261    
   215.129608       2.93873858    
   216.139603       2.95357919    
   217.149597       2.96849465    
   218.159592       2.98348546    
   219.169586       2.99855208    
   220.179581       3.01369476    
   221.189575       3.02891397    
   222.199570       3.04420996    
   223.209564       3.05958319    
   224.219559       3.07503414    
   225.229553       3.09056306    
   226.239548       3.10617042    
   227.249542       3.12185669    
   228.259537       3.13762212    
   229.269531       3.15346718    
   230.279526       3.16939211    
   231.289520       3.18539762    
   232.299515       3.20148396    
   233.309509       3.21765137    
   234.319504       3.23390055    
   235.329498       3.25023174    
   236.339493       3.26664543    
   237.349487       3.28314209    
   238.359482       3.29972196    
   239.369476       3.31638551    
   240.379471       3.33313322    
   241.389465       3.34996557    
   242.399460       3.36688280    
   243.409454       3.38388562    
   244.419449       3.40097427    
   245.429443       3.41814923    
   246.439438       3.43541098    
   247.449432       3.45275974    
   248.459427       3.47019625    
   249.469421       3.48772073    
   250.479416       3.50533366    
   251.489410       3.52303553    
   252.499405       3.54082680    
   253.509399       3.55870795    
   254.519394       3.57667947    
   255.529388       3.59474158    
   256.539398       3.61289501    
   257.549408       3.63114023    
   258.559418       3.64947748    
   259.569427       3.66790724    
   260.579437       3.68643022    
   261.589447       3.70504665    
   262.599457       3.72375703    
   263.609467       3.74256206    
   264.619476       3.76146197    
   265.629486       3.78045726    
   266.639496       3.79954863    
   267.649506       3.81873631    
   268.659515       3.83802104    
   269.669525       3.85740304    
   270.679535       3.87688303    
   271.689545       3.89646125    
   272.699554       3.91613841    
   273.709564       3.93591499    
   274.719574       3.95579147    
   275.729584       3.97576833    
   276.739594       3.99584603    
   277.749603       4.01602507    
   278.759613       4.03630590    
   279.769623       4.05668926    
   280.779633       4.07717562    
   281.789642       4.09776545    
   282.799652       4.11845922    
   283.809662       4.13925743    
   284.819672       4.16016054    
   285.829681       4.18116951    
   286.839691       4.20228434    
   287.849701       4.22350597    
   288.859711       4.24483490    
   289.869720       4.26627111    
   290.879730       4.28781557    
   291.889740       4.30946922    
   292.899750       4.33123207    
   293.909760       4.35310459    
   294.919769       4.37508774    
   295.929779       4.39718199    
   296.939789       4.41938782    
   297.949799       4.44170570    
   298.959808       4.46413612    
   299.969818       4.48668003    
   300.979828       4.50933790    
   301.989838       4.53211021    
   302.999847       4.55499744    
   304.009857       4.57800007    
   305.019867       4.60111904    
   306.029877       4.62435484    
   307.039886       4.64770794    
   308.049896       4.67117882    
   309.059906       4.69476843    
   310.069916       4.71847677    
   311.079926       4.74230528    
   312.089935       4.76625395    
   313.099945       4.79032373    
   314.109955       4.81451464    
   315.119965       4.83882809    
   316.129974       4.86326408    
   317.139984       4.88782358    
   318.149994       4.91250706    
   319.160004       4.93731499    
   320.170013       4.96224833    
   321.180023       4.98730755    
   322.190033       5.01249361    
   323.200043       5.03780651    
   324.210052       5.06324720    
   325.220062       5.08881664    
   326.230072       5.11451530    
   327.240082       5.14034367    
   328.250092       5.16630220    
   329.260101       5.19239187    
   330.270111       5.21861362    
   331.280121       5.24496746    
   332.290131       5.27145433    
   333.300140       5.29807520    
   334.310150       5.32483053    
   335.320160       5.35172081    
   336.330170       5.37874699    
   337.340179       5.40590954    
   338.350189       5.43320942    
   339.360199       5.46064711    
   340.370209       5.48822355    
   341.380219       5.51593924    
   342.390228       5.54379463    
   343.400238       5.57179070    
   344.410248       5.59992838    
   345.420258       5.62820816    
   346.430267       5.65663052    
   347.440277       5.68519640    
   348.450287       5.71390676    
   349.460297       5.74276209    
   350.470306       5.77176285    
   351.480316       5.80091047    
   352.490326       5.83020496    
   353.500336       5.85964727    
   354.510345       5.88923836    
   355.520355       5.91897917    
   356.530365       5.94887018    
   357.540375       5.97891188    
   358.550385       6.00910521    
   359.560394       6.03945112    
   360.570404       6.06995058    
   361.580414       6.10060406    
   362.590424       6.13141203    
   363.600433       6.16237545    
   364.610443       6.19349527    
   365.620453       6.22477245    
   366.630463       6.25620747    
   367.640472       6.28780127    
   368.650482       6.31955481    
   369.660492       6.35146856    
   370.670502       6.38354349    
   371.680511       6.41578054    
   372.690521       6.44818020    
   373.700531       6.48074341    
   374.710541       6.51347113    
   375.720551       6.54636431    
   376.730560       6.57942343    
   377.740570       6.61264944    
   378.750580       6.64604330    
   379.760590       6.67960596    
   380.770599       6.71333790    
   381.780609       6.74724007    
   382.790619       6.78131342    
   383.800629       6.81555891    
   384.810638       6.84997749    
   385.820648       6.88456964    
   386.830658       6.91933680    
   387.840668       6.95427942    
   388.850677       6.98939848    
   389.860687       7.02469492    
   390.870697       7.06016970    
   391.880707       7.09582376    
   392.890717       7.13165760    
   393.900726       7.16767263    
   394.910736       7.20386934    
   395.920746       7.24024868    
   396.930756       7.27681208    
   397.940765       7.31356001    
   398.950775       7.35049343    
   399.960785       7.38761330    
   400.970795       7.42492056    
   401.980804       7.46241617    
   402.990814       7.50010157    
   404.000824       7.53797722    
   405.010834       7.57604408    
   406.020844       7.61430311    
   407.030853       7.65275526    
   408.040863       7.69140148    
   409.050873       7.73024321    
   410.060883       7.76928091    
   411.070892       7.80851555    
   412.080902       7.84794855    
   413.090912       7.88758087    
   414.100922       7.92741299    
   415.110931       7.96744633    
   416.120941       8.00768185    
   417.130951       8.04812050    
   418.140961       8.08876324    
   419.150970       8.12961102    
   420.160980       8.17066574    
   421.170990       8.21192741    
   422.181000       8.25339794    
   423.191010       8.29507732    
   424.201019       8.33696747    
   425.211029       8.37906933    
   426.221039       8.42138386    
   427.231049       8.46391201    
   428.241058       8.50665474    
   429.251068       8.54961300    
   430.261078       8.59278870    
   431.271088       8.63618183    
   432.281097       8.67979431    
   433.291107       8.72362709    
   434.301117       8.76768112    
   435.311127       8.81195831    
   436.321136       8.85645866    
   437.331146       8.90118408    
   438.341156       8.94613552    
   439.351166       8.99131393    
   440.361176       9.03672028    
   441.371185       9.08235550    
   442.381195       9.12822151    
   443.391205       9.17431927    
   444.401215       9.22064972    
   445.411224       9.26721382    
   446.421234       9.31401348    
   447.431244       9.36104965    
   448.441254       9.40832329    
   449.451263       9.45583534    
   450.461273       9.50358772    
   451.471283       9.55158043    
   452.481293       9.59981632    
   453.491302       9.64829540    
   454.501312       9.69701958    
   455.511322       9.74598980    
   456.521332       9.79520702    
   457.531342       9.84467316    
   458.541351       9.89438915    
   459.551361       9.94435596    
   460.561371       9.99457455    
   461.571381       10.0450468    
   462.581390       10.0957747    
   463.591400       10.1467581    
   464.601410       10.1979990    
   465.611420       10.2494993    
   466.621429       10.3012590    
   467.631439       10.3532801    
   468.641449       10.4055643    
   469.651459       10.4581127    
   470.661469       10.5109262    
   471.671478       10.5640068    
   472.681488       10.6173553    
   473.691498       10.6709728    
   474.701508       10.7248611    
   475.711517       10.7790213    
   476.721527       10.8334551    
   477.731537       10.8881636    
   478.741547       10.9431486    
   479.751556       10.9984112    
   480.761566       11.0539532    
   481.771576       11.1097755    
   482.781586       11.1658802    
   483.791595       11.2222681    
   484.801605       11.2789402    
   485.811615       11.3358984    
   486.821625       11.3931446    
   487.831635       11.4506798    
   488.841644       11.5085058    
   489.851654       11.5666237    
   490.861664       11.6250353    
   491.871674       11.6837416    
   492.881683       11.7427444    
   493.891693       11.8020449    
   494.901703       11.8616447    
   495.911713       11.9215460    
   496.921722       11.9817495    
   497.931732       12.0422573    
   498.941742       12.1030703    
   499.951752       12.1641903    
   500.961761       12.2256193    
   501.971771       12.2873583    
   502.981781       12.3494091    
   503.991791       12.4117737    
   505.001801       12.4744530    
   506.011810       12.5374489    
   507.021820       12.6007633    
   508.031830       12.6643972    
   509.041840       12.7283525    
   510.051849       12.7926311    
   511.061859       12.8572340    
   512.071838       12.9221630    
   513.081848       12.9874201    
   514.091858       13.0530062    
   515.101868       13.1189241    
   516.111877       13.1851749    
   517.121887       13.2517605    
   518.131897       13.3186817    
   519.141907       13.3859415    
   520.151917       13.4535408    
   521.161926       13.5214815    
   522.171936       13.5897646    
   523.181946       13.6583929    
   524.191956       13.7273674    
   525.201965       13.7966909    
   526.211975       13.8663645    
   527.221985       13.9363899    
   528.231995       14.0067682    
   529.242004       14.0775023    
   530.252014       14.1485939    
   531.262024       14.2200441    
   532.272034       14.2918558    
   533.282043       14.3640299    
   534.292053       14.4365683    
   535.302063       14.5094728    
   536.312073       14.5827456    
   537.322083       14.6563883    
   538.332092       14.7304029    
   539.342102       14.8047915    
   540.352112       14.8795557    
   541.362122       14.9546976    
   542.372131       15.0302191    
   543.382141       15.1061220    
   544.392151       15.1824083    
   545.402161       15.2590799    
   546.412170       15.3361387    
   547.422180       15.4135866    
   548.432190       15.4914255    
   549.442200       15.5696573    
   550.452209       15.6482840    
   551.462219       15.7273073    
   552.472229       15.8067303    
   553.482239       15.8865547    
   554.492249       15.9667816    
   555.502258       16.0474148    
   556.512268       16.1284542    
   557.522278       16.2099037    
   558.532288       16.2917633    
   559.542297       16.3740368    
   560.552307       16.4567261    
   561.562317       16.5398331    
   562.572327       16.6233597    
   563.582336       16.7073078    
   564.592346       16.7916794    
   565.602356       16.8764782    
   566.612366       16.9617043    
   567.622375       17.0473614    
   568.632385       17.1334515    
   569.642395       17.2199745    
   570.652405       17.3069363    
   571.662415       17.3943367    
   572.672424       17.4821777    
   573.682434       17.5704632    
   574.692444       17.6591949    
   575.702454       17.7483730    
   576.712463       17.8380032    
   577.722473       17.9280853    
   578.732483       18.0186214    
   579.742493       18.1096153    
   580.752502       18.2010689    
   581.762512       18.2929840    
   582.772522       18.3853626    
   583.782532       18.4782085    
   584.792542       18.5715237    
   585.802551       18.6653099    
   586.812561       18.7595692    
   587.822571       18.8543053    
   588.832581       18.9495201    
   589.842590       19.0452156    
   590.852600       19.1413937    
   591.862610       19.2380581    
   592.872620       19.3352108    
   593.882629       19.4328537    
   594.892639       19.5309887    
   595.902649       19.6296196    
   596.912659       19.7287483    
   597.922668       19.8283787    
   598.932678       19.9285126    
   599.942688       20.0291519    
   600.952698       20.1302986    
   601.962708       20.2319565    
   602.972717       20.3341274    
   603.982727       20.4368153    
   604.992737       20.5400219    
   606.002747       20.6437492    
   607.012756       20.7480011    
   608.022766       20.8527794    
   609.032776       20.9580860    
   610.042786       21.0639248    
   611.052795       21.1702976    
   612.062805       21.2772083    
   613.072815       21.3846588    
   614.082825       21.4926510    
   615.092834       21.6011887    
   616.102844       21.7102737    
   617.112854       21.8199100    
   618.122864       21.9301014    
   619.132874       22.0408478    
   620.142883       22.1521549    
   621.152893       22.2640228    
   622.162903       22.3764553    
   623.172913       22.4894562    
   624.182922       22.6030273    
   625.192932       22.7171726    
   626.202942       22.8318939    
   627.212952       22.9471951    
   628.222961       23.0630779    
   629.232971       23.1795464    
   630.242981       23.2966022    
   631.252991       23.4142494    
   632.263000       23.5324917    
   633.273010       23.6513309    
   634.283020       23.7707710    
   635.293030       23.8908138    
   636.303040       24.0114632    
   637.313049       24.1327209    
   638.323059       24.2545910    
   639.333069       24.3770771    
   640.343079       24.5001812    
   641.353088       24.6239071    
   642.363098       24.7482586    
   643.373108       24.8732376    
   644.383118       24.9988480    
   645.393127       25.1250916    
   646.403137       25.2519741    
   647.413147       25.3794956    
   648.423157       25.5076618    
   649.433167       25.6364746    
   650.443176       25.7659397    
   651.453186       25.8960571    
   652.463196       26.0268326    
   653.473206       26.1582680    
   654.483215       26.2903671    
   655.493225       26.4231339    
   656.503235       26.5565701    
   657.513245       26.6906815    
   658.523254       26.8254700    
   659.533264       26.9609394    
   660.543274       27.0970917    
   661.553284       27.2339325    
   662.563293       27.3714638    
   663.573303       27.5096893    
   664.583313       27.6486130    
   665.593323       27.7882385    
   666.603333       27.9285698    
   667.613342       28.0696087    
   668.623352       28.2113609    
   669.633362       28.3538284    
   670.643372       28.4970150    
   671.653381       28.6409245    
   672.663391       28.7855606    
   673.673401       28.9309273    
   674.683411       29.0770283    
   675.693420       29.2238674    
   676.703430       29.3714485    
   677.713440       29.5197735    
   678.723450       29.6688480    
   679.733459       29.8186760    
   680.743469       29.9692612    
   681.753479       30.1206055    
   682.763489       30.2727146    
   683.773499       30.4255924    
   684.783508       30.5792408    
   685.793518       30.7336655    
   686.803528       30.8888702    
   687.813538       31.0448589    
   688.823547       31.2016354    
   689.833557       31.3592033    
   690.843567       31.5175667    
   691.853577       31.6767311    
   692.863586       31.8366985    
   693.873596       31.9974747    
   694.883606       32.1590614    
   695.893616       32.3214645    
   696.903625       32.4846878    
   697.913635       32.6487350    
   698.923645       32.8136101    
   699.933655       32.9793205    
   700.943665       33.1458664    
   701.953674       33.3132515    
   702.963684       33.4814835    
   703.973694       33.6505661    
   704.983704       33.8205032    
   705.993713       33.9912987    
   707.003723       34.1629562    
   708.013733       34.3354797    
   709.023743       34.5088730    
   710.033752       34.6831436    
   711.043762       34.8582916    
   712.053772       35.0343246    
   713.063782       35.2112465    
   714.073792       35.3890648    
   715.083801       35.5677795    
   716.093811       35.7473984    
   717.103821       35.9279213    
   718.113831       36.1093559    
   719.123840       36.2917099    
   720.133850       36.4749832    
   721.143860       36.6591835    
   722.153870       36.8443108    
   723.163879       37.0303726    
   724.173889       37.2173767    
   725.183899       37.4053230    
   726.193909       37.5942192    
   727.203918       37.7840691    
   728.213928       37.9748802    
   729.223938       38.1666527    
   730.233948       38.3593941    
   731.243958       38.5531082    
   732.253967       38.7478027    
   733.263977       38.9434776    
   734.273987       39.1401405    
   735.283997       39.3377991    
   736.294006       39.5364532    
   737.304016       39.7361107    
   738.314026       39.9367790    
   739.324036       40.1384583    
   740.334045       40.3411560    
   741.344055       40.5448799    
   742.354065       40.7496300    
   743.364075       40.9554138    
   744.374084       41.1622391    
   745.384094       41.3701096    
   746.394104       41.5790291    
   747.404114       41.7890015    
   748.414124       42.0000343    
   749.424133       42.2121353    
   750.434143       42.4253082    
   751.444153       42.6395569    
   752.454163       42.8548851    
   753.464172       43.0713005    
   754.474182       43.2888107    
   755.484192       43.5074196    
   756.494202       43.7271309    
   757.504211       43.9479523    
   758.514221       44.1698875    
   759.524231       44.3929443    
   760.534241       44.6171303    
   761.544250       44.8424454    
   762.554260       45.0689011    
   763.564270       45.2964973    
   764.574280       45.5252457    
   765.584290       45.7551498    
   766.594299       45.9862137    
   767.604309       46.2184448    
   768.614319       46.4518471    
   769.624329       46.6864281    
   770.634338       46.9221954    
   771.644348       47.1591530    
   772.654358       47.3973083    
   773.664368       47.6366653    
   774.674377       47.8772316    
   775.684387       48.1190109    
   776.694397       48.3620110    
   777.704407       48.6062393    
   778.714417       48.8516998    
   779.724426       49.0984001    
   780.734436       49.3463478    
   781.744446       49.5955467    
   782.754456       49.8460045    
   783.764465       50.0977249    
   784.774475       50.3507195    
   785.784485       50.6049919    
   786.794495       50.8605461    
   787.804504       51.1173935    
   788.814514       51.3755379    
   789.824524       51.6349831    
   790.834534       51.8957405    
   791.844543       52.1578140    
   792.854553       52.4212112    
   793.864563       52.6859398    
   794.874573       52.9520035    
   795.884583       53.2194099    
   796.894592       53.4881668    
   797.904602       53.7582817    
   798.914612       54.0297623    
   799.924622       54.3026123    
   800.934631       54.5768394    
   801.944641       54.8524513    
   802.954651       55.1294556    
   803.964661       55.4078598    
   804.974670       55.6876678    
   805.984680       55.9688911    
   806.994690       56.2515335    
   808.004700       56.5356026    
   809.014709       56.8211060    
   810.024719       57.1080513    
   811.034729       57.3964462    
   812.044739       57.6862984    
   813.054749       57.9776154    
   814.064758       58.2704010    
   815.074768       58.5646667    
   816.084778       58.8604164    
   817.094788       59.1576614    
   818.104797       59.4564095    
   819.114807       59.7566643    
   820.124817       60.0584335    
   821.134827       60.3617287    
   822.144836       60.6665535    
   823.154846       60.9729195    
   824.164856       61.2808342    
   825.174866       61.5903015    
   826.184875       61.9013329    
   827.194885       62.2139359    
   828.204895       62.5281143    
   829.214905       62.8438797    
   830.224915       63.1612396    
   831.234924       63.4802055    
   832.244934       63.8007812    
   833.254944       64.1229782    
   834.264954       64.4468002    
   835.274963       64.7722549    
   836.284973       65.0993576    
   837.294983       65.4281082    
   838.304993       65.7585220    
   839.315002       66.0905991    
   840.325012       66.4243546    
   841.335022       66.7597961    
   842.345032       67.0969315    
   843.355042       67.4357681    
   844.365051       67.7763214    
   845.375061       68.1185913    
   846.385071       68.4625931    
   847.395081       68.8083267    
   848.405090       69.1558075    
   849.415100       69.5050430    
   850.425110       69.8560410    
   851.435120       70.2088165    
   852.445129       70.5633698    
   853.455139       70.9197159    
   854.465149       71.2778625    
   855.475159       71.6378174    
   856.485168       71.9995880    
   857.495178       72.3631897    
   858.505188       72.7286224    
   859.515198       73.0959015    
   860.525208       73.4650345    
   861.535217       73.8360367    
   862.545227       74.2089081    
   863.555237       74.5836639    
   864.565247       74.9603119    
   865.575256       75.3388596    
   866.585266       75.7193222    
   867.595276       76.1017075    
   868.605286       76.4860229    
   869.615295       76.8722763    
   870.625305       77.2604828    
   871.635315       77.6506500    
   872.645325       78.0427856    
   873.655334       78.4369049    
   874.665344       78.8330078    
   875.675354       79.2311172    
   876.685364       79.6312332    
   877.695374       80.0333710    
   878.705383       80.4375381    
   879.715393       80.8437500    
   880.725403       81.2520142    
   881.735413       81.6623383    
   882.745422       82.0747299    
   883.755432       82.4892044    
   884.765442       82.9057770    
   885.775452       83.3244476    
   886.785461       83.7452393    
   887.795471       84.1681519    
   888.805481       84.5932007    
   889.815491       85.0203934    
   890.825500       85.4497452    
   891.835510       85.8812637    
   892.845520       86.3149643    
   893.855530       86.7508545    
   894.865540       87.1889496    
   895.875549       87.6292572    
   896.885559       88.0717850    
   897.895569       88.5165482    
   898.905579       88.9635544    
   899.915588       89.4128189    
   900.925598       89.8643570    
   901.935608       90.3181686    
   902.945618       90.7742767    
   903.955627       91.2326889    
   904.965637       91.6934128    
   905.975647       92.1564636    
   906.985657       92.6218567    
   907.995667       93.0895996    
   909.005676       93.5597000    
   910.015686       94.0321732    
   911.025696       94.5070343    
   912.035706       94.9842911    
   913.045715       95.4639587    
   914.055725       95.9460526    
   915.065735       96.4305801    
   916.075745       96.9175568    
   917.085754       97.4069901    
   918.095764       97.8988953    
   919.105774       98.3932877    
   920.115784       98.8901749    
   921.125793       99.3895721    
   922.135803       99.8914871    
   923.145813       100.395943    
   924.155823       100.902939    
   925.165833       101.412498    
   926.175842       101.924629    
   927.185852       102.439346    
   928.195862       102.956665    
   929.205872       103.476593    
   930.215881       103.999153    
   931.225891       104.524345    
   932.235901       105.052193    
   933.245911       105.582703    
   934.255920       106.115898    
   935.265930       106.651787    
   936.275940       107.190376    
   937.285950       107.731689    
   938.295959       108.275734    
   939.305969       108.822525    
   940.315979       109.372078    
   941.325989       109.924408    
   942.335999       110.479523    
   943.346008       111.037445    
   944.356018       111.598183    
   945.366028       112.161751    
   946.376038       112.728165    
   947.386047       113.297440    
   948.396057       113.869591    
   949.406067       114.444633    
   950.416077       115.022575    
   951.426086       115.603439    
   952.436096       116.187233    
   953.446106       116.773979    
   954.456116       117.363686    
   955.466125       117.956375    
   956.476135       118.552055    
   957.486145       119.150742    
   958.496155       119.752449    
   959.506165       120.357201    
   960.516174       120.965004    
   961.526184       121.575874    
   962.536194       122.189835    
   963.546204       122.806892    
   964.556213       123.427071    
   965.566223       124.050377    
   966.576233       124.676834    
   967.586243       125.306450    
   968.596252       125.939247    
   969.606262       126.575241    
   970.616272       127.214447    
   971.626282       127.856880    
   972.636292       128.502563    
   973.646301       129.151505    
   974.656311       129.803726    
   975.666321       130.459229    
   976.676331       131.118042    
   977.686340       131.780182    
   978.696350       132.445679    
   979.706360       133.114532    
   980.716370       133.786758    
   981.726379       134.462387    
   982.736389       135.141418    
   983.746399       135.823883    
   984.756409       136.509796    
   985.766418       137.199173    
   986.776428       137.892029    
   987.786438       138.588379    
   988.796448       139.288254    
   989.806458       139.991653    
   990.816467       140.698608    
   991.826477       141.409134    
   992.836487       142.123245    
   993.846497       142.840973    
   994.856506       143.562317    
   995.866516       144.287308    
   996.876526       145.015961    
   997.886536       145.748291    
   998.896545       146.484314    
   999.906555       147.224060    
   1000.91656       147.967545    
   1001.92657       148.714783    
   1002.93658       149.465790    
   1003.94659       150.220596    
   1004.95660       150.979218    
   1005.96661       151.741669    
   1006.97662       152.507965    
   1007.98663       153.278137    
   1008.99664       154.052185    
