   0.00000000       1.06208920    
  0.500000000       1.12696087    
   1.00000000       1.19453812    
   1.50000000       1.26470327    
   2.00000000       1.33729386    
   2.50000000       1.41209972    
   3.00000000       1.48886085    
   3.50000000       1.56726766    
   4.00000000       1.64696229    
   4.50000000       1.72754300    
   5.00000000       1.80857015    
   5.50000000       1.88957500    
   6.00000000       1.97007060    
   6.50000000       2.04956388    
   7.00000000       2.12756920    
   7.50000000       2.20362163    
   8.00000000       2.27729058    
   8.50000000       2.34819078    
   9.00000000       2.41599154    
   9.50000000       2.48042345    
   10.0000000       2.54128265    
   10.5000000       2.59843135    
   11.0000000       2.65179539    
   11.5000000       2.70136070    
   12.0000000       2.74716711    
   12.5000000       2.78930092    
   13.0000000       2.82788706    
   13.5000000       2.86308122    
   14.0000000       2.89506197    
   14.5000000       2.92402315    
   15.0000000       2.95016813    
   15.5000000       2.97370362    
   16.0000000       2.99483562    
   16.5000000       3.01376534    
   17.0000000       3.03068709    
   17.5000000       3.04578519    
   18.0000000       3.05923367    
   18.5000000       3.07119489    
   19.0000000       3.08181882    
   19.5000000       3.09124374    
   20.0000000       3.09959626    
   20.5000000       3.10699129    
   21.0000000       3.11353302    
   21.5000000       3.11931586    
   22.0000000       3.12442422    
   22.5000000       3.12893438    
   23.0000000       3.13291430    
   23.5000000       3.13642454    
   24.0000000       3.13951945    
   24.5000000       3.14224720    
   25.0000000       3.14465070    
   25.5000000       3.14676785    
   26.0000000       3.14863229    
   26.5000000       3.15027380    
   27.0000000       3.15171862    
   27.5000000       3.15299034    
   28.0000000       3.15410948    
   28.5000000       3.15509415    
   29.0000000       3.15596056    
   29.5000000       3.15672255    
   30.0000000       3.15739298    
   30.5000000       3.15798259    
   31.0000000       3.15850115    
   31.5000000       3.15895724    
   32.0000000       3.15935826    
   32.5000000       3.15971088    
   33.0000000       3.16002107    
   33.5000000       3.16029382    
   34.0000000       3.16053367    
   34.5000000       3.16074443    
   35.0000000       3.16092968    
   35.5000000       3.16109252    
   36.0000000       3.16123581    
   36.5000000       3.16136169    
   37.0000000       3.16147232    
   37.5000000       3.16156960    
   38.0000000       3.16165519    
   38.5000000       3.16173053    
   39.0000000       3.16179681    
   39.5000000       3.16185498    
   40.0000000       3.16190600    
   40.5000000       3.16195107    
   41.0000000       3.16199064    
   41.5000000       3.16202545    
   42.0000000       3.16205597    
   42.5000000       3.16208267    
   43.0000000       3.16210628    
   43.5000000       3.16212702    
   44.0000000       3.16214514    
   44.5000000       3.16216111    
   45.0000000       3.16217518    
   45.5000000       3.16218758    
   46.0000000       3.16219854    
   46.5000000       3.16220808    
   47.0000000       3.16221642    
   47.5000000       3.16222382    
   48.0000000       3.16223025    
   48.5000000       3.16223598    
   49.0000000       3.16224098    
   49.5000000       3.16224551    
   50.0000000       3.16224933    
   50.5000000       3.16225266    
   51.0000000       3.16225576    
   51.5000000       3.16225839    
   52.0000000       3.16226077    
   52.5000000       3.16226292    
   53.0000000       3.16226482    
   53.5000000       3.16226625    
   54.0000000       3.16226768    
   54.5000000       3.16226888    
   55.0000000       3.16226983    
   55.5000000       3.16227078    
   56.0000000       3.16227174    
   56.5000000       3.16227245    
   57.0000000       3.16227317    
   57.5000000       3.16227365    
   58.0000000       3.16227412    
   58.5000000       3.16227460    
   59.0000000       3.16227508    
   59.5000000       3.16227531    
   60.0000000       3.16227555    
   60.5000000       3.16227579    
   61.0000000       3.16227603    
   61.5000000       3.16227627    
   62.0000000       3.16227651    
   62.5000000       3.16227674    
   63.0000000       3.16227674    
   63.5000000       3.16227674    
   64.0000000       3.16227674    
   64.5000000       3.16227674    
   65.0000000       3.16227674    
   65.5000000       3.16227674    
   66.0000000       3.16227674    
   66.5000000       3.16227674    
   67.0000000       3.16227674    
   67.5000000       3.16227674    
   68.0000000       3.16227674    
   68.5000000       3.16227674    
   69.0000000       3.16227674    
   69.5000000       3.16227674    
   70.0000000       3.16227674    
   70.5000000       3.16227674    
   71.0000000       3.16227674    
   71.5000000       3.16227674    
   72.0000000       3.16227674    
   72.5000000       3.16227674    
   73.0000000       3.16227674    
   73.5000000       3.16227674    
   74.0000000       3.16227674    
   74.5000000       3.16227674    
   75.0000000       3.16227674    
   75.5000000       3.16227674    
   76.0000000       3.16227674    
   76.5000000       3.16227674    
   77.0000000       3.16227674    
   77.5000000       3.16227674    
   78.0000000       3.16227674    
   78.5000000       3.16227674    
   79.0000000       3.16227674    
   79.5000000       3.16227674    
   80.0000000       3.16227674    
   80.5000000       3.16227674    
   81.0000000       3.16227674    
   81.5000000       3.16227674    
   82.0000000       3.16227674    
   82.5000000       3.16227674    
   83.0000000       3.16227674    
   83.5000000       3.16227674    
   84.0000000       3.16227674    
   84.5000000       3.16227674    
   85.0000000       3.16227674    
   85.5000000       3.16227674    
   86.0000000       3.16227674    
   86.5000000       3.16227674    
   87.0000000       3.16227674    
   87.5000000       3.16227674    
   88.0000000       3.16227674    
   88.5000000       3.16227674    
   89.0000000       3.16227674    
   89.5000000       3.16227674    
   90.0000000       3.16227674    
   90.5000000       3.16227674    
   91.0000000       3.16227674    
   91.5000000       3.16227674    
   92.0000000       3.16227674    
   92.5000000       3.16227674    
   93.0000000       3.16227674    
   93.5000000       3.16227674    
   94.0000000       3.16227674    
   94.5000000       3.16227674    
   95.0000000       3.16227674    
   95.5000000       3.16227674    
   96.0000000       3.16227674    
   96.5000000       3.16227674    
   97.0000000       3.16227674    
   97.5000000       3.16227674    
   98.0000000       3.16227674    
   98.5000000       3.16227674    
   99.0000000       3.16227674    
   99.5000000       3.16227674    
   100.000000       3.16227674    
   100.500000       3.16227674    
   101.000000       3.16227674    
   101.500000       3.16227674    
   102.000000       3.16227674    
   102.500000       3.16227674    
   103.000000       3.16227674    
   103.500000       3.16227674    
   104.000000       3.16227674    
   104.500000       3.16227674    
   105.000000       3.16227674    
   105.500000       3.16227674    
   106.000000       3.16227674    
   106.500000       3.16227674    
   107.000000       3.16227674    
   107.500000       3.16227674    
   108.000000       3.16227674    
   108.500000       3.16227674    
   109.000000       3.16227674    
   109.500000       3.16227674    
   110.000000       3.16227674    
   110.500000       3.16227674    
   111.000000       3.16227674    
   111.500000       3.16227674    
   112.000000       3.16227674    
   112.500000       3.16227674    
   113.000000       3.16227674    
   113.500000       3.16227674    
   114.000000       3.16227674    
   114.500000       3.16227674    
   115.000000       3.16227674    
   115.500000       3.16227674    
   116.000000       3.16227674    
   116.500000       3.16227674    
   117.000000       3.16227674    
   117.500000       3.16227674    
   118.000000       3.16227674    
   118.500000       3.16227674    
   119.000000       3.16227674    
   119.500000       3.16227674    
   120.000000       3.16227674    
   120.500000       3.16227674    
   121.000000       3.16227674    
   121.500000       3.16227674    
   122.000000       3.16227674    
   122.500000       3.16227674    
   123.000000       3.16227674    
   123.500000       3.16227674    
   124.000000       3.16227674    
   124.500000       3.16227674    
   125.000000       3.16227674    
   125.500000       3.16227674    
   126.000000       3.16227674    
   126.500000       3.16227674    
   127.000000       3.16227674    
   127.500000       3.16227674    
   128.000000       3.16227674    
   128.500000       3.16227674    
   129.000000       3.16227674    
   129.500000       3.16227674    
   130.000000       3.16227674    
   130.500000       3.16227674    
   131.000000       3.16227674    
   131.500000       3.16227674    
   132.000000       3.16227674    
   132.500000       3.16227674    
   133.000000       3.16227674    
   133.500000       3.16227674    
   134.000000       3.16227674    
   134.500000       3.16227674    
   135.000000       3.16227674    
   135.500000       3.16227674    
   136.000000       3.16227674    
   136.500000       3.16227674    
   137.000000       3.16227674    
   137.500000       3.16227674    
   138.000000       3.16227674    
   138.500000       3.16227674    
   139.000000       3.16227674    
   139.500000       3.16227674    
   140.000000       3.16227674    
   140.500000       3.16227674    
   141.000000       3.16227674    
   141.500000       3.16227674    
   142.000000       3.16227674    
   142.500000       3.16227674    
   143.000000       3.16227674    
   143.500000       3.16227674    
   144.000000       3.16227674    
   144.500000       3.16227674    
   145.000000       3.16227674    
   145.500000       3.16227674    
   146.000000       3.16227674    
   146.500000       3.16227674    
   147.000000       3.16227674    
   147.500000       3.16227674    
   148.000000       3.16227674    
   148.500000       3.16227674    
   149.000000       3.16227674    
   149.500000       3.16227674    
   150.000000       3.16227674    
   150.500000       3.16227674    
   151.000000       3.16227674    
   151.500000       3.16227674    
   152.000000       3.16227674    
   152.500000       3.16227674    
   153.000000       3.16227674    
   153.500000       3.16227674    
   154.000000       3.16227674    
   154.500000       3.16227674    
   155.000000       3.16227674    
   155.500000       3.16227674    
   156.000000       3.16227674    
   156.500000       3.16227674    
   157.000000       3.16227674    
   157.500000       3.16227674    
   158.000000       3.16227674    
   158.500000       3.16227674    
   159.000000       3.16227674    
   159.500000       3.16227674    
   160.000000       3.16227674    
   160.500000       3.16227674    
   161.000000       3.16227674    
   161.500000       3.16227674    
   162.000000       3.16227674    
   162.500000       3.16227674    
   163.000000       3.16227674    
   163.500000       3.16227674    
   164.000000       3.16227674    
   164.500000       3.16227674    
   165.000000       3.16227674    
   165.500000       3.16227674    
   166.000000       3.16227674    
   166.500000       3.16227674    
   167.000000       3.16227674    
   167.500000       3.16227674    
   168.000000       3.16227674    
   168.500000       3.16227674    
   169.000000       3.16227674    
   169.500000       3.16227674    
   170.000000       3.16227674    
   170.500000       3.16227674    
   171.000000       3.16227674    
   171.500000       3.16227674    
   172.000000       3.16227674    
   172.500000       3.16227674    
   173.000000       3.16227674    
   173.500000       3.16227674    
   174.000000       3.16227674    
   174.500000       3.16227674    
   175.000000       3.16227674    
   175.500000       3.16227674    
   176.000000       3.16227674    
   176.500000       3.16227674    
   177.000000       3.16227674    
   177.500000       3.16227674    
   178.000000       3.16227674    
   178.500000       3.16227674    
   179.000000       3.16227674    
   179.500000       3.16227674    
   180.000000       3.16227674    
   180.500000       3.16227674    
   181.000000       3.16227674    
   181.500000       3.16227674    
   182.000000       3.16227674    
   182.500000       3.16227674    
   183.000000       3.16227674    
   183.500000       3.16227674    
   184.000000       3.16227674    
   184.500000       3.16227674    
   185.000000       3.16227674    
   185.500000       3.16227674    
   186.000000       3.16227674    
   186.500000       3.16227674    
   187.000000       3.16227674    
   187.500000       3.16227674    
   188.000000       3.16227674    
   188.500000       3.16227674    
   189.000000       3.16227674    
   189.500000       3.16227674    
   190.000000       3.16227674    
   190.500000       3.16227674    
   191.000000       3.16227674    
   191.500000       3.16227674    
   192.000000       3.16227674    
   192.500000       3.16227674    
   193.000000       3.16227674    
   193.500000       3.16227674    
   194.000000       3.16227674    
   194.500000       3.16227674    
   195.000000       3.16227674    
   195.500000       3.16227674    
   196.000000       3.16227674    
   196.500000       3.16227674    
   197.000000       3.16227674    
   197.500000       3.16227674    
   198.000000       3.16227674    
   198.500000       3.16227674    
   199.000000       3.16227674    
   199.500000       3.16227674    
   200.000000       3.16227674    
   200.500000       3.16227674    
   201.000000       3.16227674    
   201.500000       3.16227674    
   202.000000       3.16227674    
   202.500000       3.16227674    
   203.000000       3.16227674    
   203.500000       3.16227674    
   204.000000       3.16227674    
   204.500000       3.16227674    
   205.000000       3.16227674    
   205.500000       3.16227674    
   206.000000       3.16227674    
   206.500000       3.16227674    
   207.000000       3.16227674    
   207.500000       3.16227674    
   208.000000       3.16227674    
   208.500000       3.16227674    
   209.000000       3.16227674    
   209.500000       3.16227674    
   210.000000       3.16227674    
   210.500000       3.16227674    
   211.000000       3.16227674    
   211.500000       3.16227674    
   212.000000       3.16227674    
   212.500000       3.16227674    
   213.000000       3.16227674    
   213.500000       3.16227674    
   214.000000       3.16227674    
   214.500000       3.16227674    
   215.000000       3.16227674    
   215.500000       3.16227674    
   216.000000       3.16227674    
   216.500000       3.16227674    
   217.000000       3.16227674    
   217.500000       3.16227674    
   218.000000       3.16227674    
   218.500000       3.16227674    
   219.000000       3.16227674    
   219.500000       3.16227674    
   220.000000       3.16227674    
   220.500000       3.16227674    
   221.000000       3.16227674    
   221.500000       3.16227674    
   222.000000       3.16227674    
   222.500000       3.16227674    
   223.000000       3.16227674    
   223.500000       3.16227674    
   224.000000       3.16227674    
   224.500000       3.16227674    
   225.000000       3.16227674    
   225.500000       3.16227674    
   226.000000       3.16227674    
   226.500000       3.16227674    
   227.000000       3.16227674    
   227.500000       3.16227674    
   228.000000       3.16227674    
   228.500000       3.16227674    
   229.000000       3.16227674    
   229.500000       3.16227674    
   230.000000       3.16227674    
   230.500000       3.16227674    
   231.000000       3.16227674    
   231.500000       3.16227674    
   232.000000       3.16227674    
   232.500000       3.16227674    
   233.000000       3.16227674    
   233.500000       3.16227674    
   234.000000       3.16227674    
   234.500000       3.16227674    
   235.000000       3.16227674    
   235.500000       3.16227674    
   236.000000       3.16227674    
   236.500000       3.16227674    
   237.000000       3.16227674    
   237.500000       3.16227674    
   238.000000       3.16227674    
   238.500000       3.16227674    
   239.000000       3.16227674    
   239.500000       3.16227674    
   240.000000       3.16227674    
   240.500000       3.16227674    
   241.000000       3.16227674    
   241.500000       3.16227674    
   242.000000       3.16227674    
   242.500000       3.16227674    
   243.000000       3.16227674    
   243.500000       3.16227674    
   244.000000       3.16227674    
   244.500000       3.16227674    
   245.000000       3.16227674    
   245.500000       3.16227674    
   246.000000       3.16227674    
   246.500000       3.16227674    
   247.000000       3.16227674    
   247.500000       3.16227674    
   248.000000       3.16227674    
   248.500000       3.16227674    
   249.000000       3.16227674    
   249.500000       3.16227674    
   250.000000       3.16227674    
   250.500000       3.16227674    
   251.000000       3.16227674    
   251.500000       3.16227674    
   252.000000       3.16227674    
   252.500000       3.16227674    
   253.000000       3.16227674    
   253.500000       3.16227674    
   254.000000       3.16227674    
   254.500000       3.16227674    
   255.000000       3.16227674    
   255.500000       3.16227674    
   256.000000       3.16227674    
   256.500000       3.16227674    
   257.000000       3.16227674    
   257.500000       3.16227674    
   258.000000       3.16227674    
   258.500000       3.16227674    
   259.000000       3.16227674    
   259.500000       3.16227674    
   260.000000       3.16227674    
   260.500000       3.16227674    
   261.000000       3.16227674    
   261.500000       3.16227674    
   262.000000       3.16227674    
   262.500000       3.16227674    
   263.000000       3.16227674    
   263.500000       3.16227674    
   264.000000       3.16227674    
   264.500000       3.16227674    
   265.000000       3.16227674    
   265.500000       3.16227674    
   266.000000       3.16227674    
   266.500000       3.16227674    
   267.000000       3.16227674    
   267.500000       3.16227674    
   268.000000       3.16227674    
   268.500000       3.16227674    
   269.000000       3.16227674    
   269.500000       3.16227674    
   270.000000       3.16227674    
   270.500000       3.16227674    
   271.000000       3.16227674    
   271.500000       3.16227674    
   272.000000       3.16227674    
   272.500000       3.16227674    
   273.000000       3.16227674    
   273.500000       3.16227674    
   274.000000       3.16227674    
   274.500000       3.16227674    
   275.000000       3.16227674    
   275.500000       3.16227674    
   276.000000       3.16227674    
   276.500000       3.16227674    
   277.000000       3.16227674    
   277.500000       3.16227674    
   278.000000       3.16227674    
   278.500000       3.16227674    
   279.000000       3.16227674    
   279.500000       3.16227674    
   280.000000       3.16227674    
   280.500000       3.16227674    
   281.000000       3.16227674    
   281.500000       3.16227674    
   282.000000       3.16227674    
   282.500000       3.16227674    
   283.000000       3.16227674    
   283.500000       3.16227674    
   284.000000       3.16227674    
   284.500000       3.16227674    
   285.000000       3.16227674    
   285.500000       3.16227674    
   286.000000       3.16227674    
   286.500000       3.16227674    
   287.000000       3.16227674    
   287.500000       3.16227674    
   288.000000       3.16227674    
   288.500000       3.16227674    
   289.000000       3.16227674    
   289.500000       3.16227674    
   290.000000       3.16227674    
   290.500000       3.16227674    
   291.000000       3.16227674    
   291.500000       3.16227674    
   292.000000       3.16227674    
   292.500000       3.16227674    
   293.000000       3.16227674    
   293.500000       3.16227674    
   294.000000       3.16227674    
   294.500000       3.16227674    
   295.000000       3.16227674    
   295.500000       3.16227674    
   296.000000       3.16227674    
   296.500000       3.16227674    
   297.000000       3.16227674    
   297.500000       3.16227674    
   298.000000       3.16227674    
   298.500000       3.16227674    
   299.000000       3.16227674    
   299.500000       3.16227674    
   300.000000       3.16227674    
   300.500000       3.16227674    
   301.000000       3.16227674    
   301.500000       3.16227674    
   302.000000       3.16227674    
   302.500000       3.16227674    
   303.000000       3.16227674    
   303.500000       3.16227674    
   304.000000       3.16227674    
   304.500000       3.16227674    
   305.000000       3.16227674    
   305.500000       3.16227674    
   306.000000       3.16227674    
   306.500000       3.16227674    
   307.000000       3.16227674    
   307.500000       3.16227674    
   308.000000       3.16227674    
   308.500000       3.16227674    
   309.000000       3.16227674    
   309.500000       3.16227674    
   310.000000       3.16227674    
   310.500000       3.16227674    
   311.000000       3.16227674    
   311.500000       3.16227674    
   312.000000       3.16227674    
   312.500000       3.16227674    
   313.000000       3.16227674    
   313.500000       3.16227674    
   314.000000       3.16227674    
   314.500000       3.16227674    
   315.000000       3.16227674    
   315.500000       3.16227674    
   316.000000       3.16227674    
   316.500000       3.16227674    
   317.000000       3.16227674    
   317.500000       3.16227674    
   318.000000       3.16227674    
   318.500000       3.16227674    
   319.000000       3.16227674    
   319.500000       3.16227674    
   320.000000       3.16227674    
   320.500000       3.16227674    
   321.000000       3.16227674    
   321.500000       3.16227674    
   322.000000       3.16227674    
   322.500000       3.16227674    
   323.000000       3.16227674    
   323.500000       3.16227674    
   324.000000       3.16227674    
   324.500000       3.16227674    
   325.000000       3.16227674    
   325.500000       3.16227674    
   326.000000       3.16227674    
   326.500000       3.16227674    
   327.000000       3.16227674    
   327.500000       3.16227674    
   328.000000       3.16227674    
   328.500000       3.16227674    
   329.000000       3.16227674    
   329.500000       3.16227674    
   330.000000       3.16227674    
   330.500000       3.16227674    
   331.000000       3.16227674    
   331.500000       3.16227674    
   332.000000       3.16227674    
   332.500000       3.16227674    
   333.000000       3.16227674    
   333.500000       3.16227674    
   334.000000       3.16227674    
   334.500000       3.16227674    
   335.000000       3.16227674    
   335.500000       3.16227674    
   336.000000       3.16227674    
   336.500000       3.16227674    
   337.000000       3.16227674    
   337.500000       3.16227674    
   338.000000       3.16227674    
   338.500000       3.16227674    
   339.000000       3.16227674    
   339.500000       3.16227674    
   340.000000       3.16227674    
   340.500000       3.16227674    
   341.000000       3.16227674    
   341.500000       3.16227674    
   342.000000       3.16227674    
   342.500000       3.16227674    
   343.000000       3.16227674    
   343.500000       3.16227674    
   344.000000       3.16227674    
   344.500000       3.16227674    
   345.000000       3.16227674    
   345.500000       3.16227674    
   346.000000       3.16227674    
   346.500000       3.16227674    
   347.000000       3.16227674    
   347.500000       3.16227674    
   348.000000       3.16227674    
   348.500000       3.16227674    
   349.000000       3.16227674    
   349.500000       3.16227674    
   350.000000       3.16227674    
   350.500000       3.16227674    
   351.000000       3.16227674    
   351.500000       3.16227674    
   352.000000       3.16227674    
   352.500000       3.16227674    
   353.000000       3.16227674    
   353.500000       3.16227674    
   354.000000       3.16227674    
   354.500000       3.16227674    
   355.000000       3.16227674    
   355.500000       3.16227674    
   356.000000       3.16227674    
   356.500000       3.16227674    
   357.000000       3.16227674    
   357.500000       3.16227674    
   358.000000       3.16227674    
   358.500000       3.16227674    
   359.000000       3.16227674    
   359.500000       3.16227674    
   360.000000       3.16227674    
   360.500000       3.16227674    
   361.000000       3.16227674    
   361.500000       3.16227674    
   362.000000       3.16227674    
   362.500000       3.16227674    
   363.000000       3.16227674    
   363.500000       3.16227674    
   364.000000       3.16227674    
   364.500000       3.16227674    
   365.000000       3.16227674    
   365.500000       3.16227674    
   366.000000       3.16227674    
   366.500000       3.16227674    
   367.000000       3.16227674    
   367.500000       3.16227674    
   368.000000       3.16227674    
   368.500000       3.16227674    
   369.000000       3.16227674    
   369.500000       3.16227674    
   370.000000       3.16227674    
   370.500000       3.16227674    
   371.000000       3.16227674    
   371.500000       3.16227674    
   372.000000       3.16227674    
   372.500000       3.16227674    
   373.000000       3.16227674    
   373.500000       3.16227674    
   374.000000       3.16227674    
   374.500000       3.16227674    
   375.000000       3.16227674    
   375.500000       3.16227674    
   376.000000       3.16227674    
   376.500000       3.16227674    
   377.000000       3.16227674    
   377.500000       3.16227674    
   378.000000       3.16227674    
   378.500000       3.16227674    
   379.000000       3.16227674    
   379.500000       3.16227674    
   380.000000       3.16227674    
   380.500000       3.16227674    
   381.000000       3.16227674    
   381.500000       3.16227674    
   382.000000       3.16227674    
   382.500000       3.16227674    
   383.000000       3.16227674    
   383.500000       3.16227674    
   384.000000       3.16227674    
   384.500000       3.16227674    
   385.000000       3.16227674    
   385.500000       3.16227674    
   386.000000       3.16227674    
   386.500000       3.16227674    
   387.000000       3.16227674    
   387.500000       3.16227674    
   388.000000       3.16227674    
   388.500000       3.16227674    
   389.000000       3.16227674    
   389.500000       3.16227674    
   390.000000       3.16227674    
   390.500000       3.16227674    
   391.000000       3.16227674    
   391.500000       3.16227674    
   392.000000       3.16227674    
   392.500000       3.16227674    
   393.000000       3.16227674    
   393.500000       3.16227674    
   394.000000       3.16227674    
   394.500000       3.16227674    
   395.000000       3.16227674    
   395.500000       3.16227674    
   396.000000       3.16227674    
   396.500000       3.16227674    
   397.000000       3.16227674    
   397.500000       3.16227674    
   398.000000       3.16227674    
   398.500000       3.16227674    
   399.000000       3.16227674    
   399.500000       3.16227674    
   400.000000       3.16227674    
   400.500000       3.16227674    
   401.000000       3.16227674    
   401.500000       3.16227674    
   402.000000       3.16227674    
   402.500000       3.16227674    
   403.000000       3.16227674    
   403.500000       3.16227674    
   404.000000       3.16227674    
   404.500000       3.16227674    
   405.000000       3.16227674    
   405.500000       3.16227674    
   406.000000       3.16227674    
   406.500000       3.16227674    
   407.000000       3.16227674    
   407.500000       3.16227674    
   408.000000       3.16227674    
   408.500000       3.16227674    
   409.000000       3.16227674    
   409.500000       3.16227674    
   410.000000       3.16227674    
   410.500000       3.16227674    
   411.000000       3.16227674    
   411.500000       3.16227674    
   412.000000       3.16227674    
   412.500000       3.16227674    
   413.000000       3.16227674    
   413.500000       3.16227674    
   414.000000       3.16227674    
   414.500000       3.16227674    
   415.000000       3.16227674    
   415.500000       3.16227674    
   416.000000       3.16227674    
   416.500000       3.16227674    
   417.000000       3.16227674    
   417.500000       3.16227674    
   418.000000       3.16227674    
   418.500000       3.16227674    
   419.000000       3.16227674    
   419.500000       3.16227674    
   420.000000       3.16227674    
   420.500000       3.16227674    
   421.000000       3.16227674    
   421.500000       3.16227674    
   422.000000       3.16227674    
   422.500000       3.16227674    
   423.000000       3.16227674    
   423.500000       3.16227674    
   424.000000       3.16227674    
   424.500000       3.16227674    
   425.000000       3.16227674    
   425.500000       3.16227674    
   426.000000       3.16227674    
   426.500000       3.16227674    
   427.000000       3.16227674    
   427.500000       3.16227674    
   428.000000       3.16227674    
   428.500000       3.16227674    
   429.000000       3.16227674    
   429.500000       3.16227674    
   430.000000       3.16227674    
   430.500000       3.16227674    
   431.000000       3.16227674    
   431.500000       3.16227674    
   432.000000       3.16227674    
   432.500000       3.16227674    
   433.000000       3.16227674    
   433.500000       3.16227674    
   434.000000       3.16227674    
   434.500000       3.16227674    
   435.000000       3.16227674    
   435.500000       3.16227674    
   436.000000       3.16227674    
   436.500000       3.16227674    
   437.000000       3.16227674    
   437.500000       3.16227674    
   438.000000       3.16227674    
   438.500000       3.16227674    
   439.000000       3.16227674    
   439.500000       3.16227674    
   440.000000       3.16227674    
   440.500000       3.16227674    
   441.000000       3.16227674    
   441.500000       3.16227674    
   442.000000       3.16227674    
   442.500000       3.16227674    
   443.000000       3.16227674    
   443.500000       3.16227674    
   444.000000       3.16227674    
   444.500000       3.16227674    
   445.000000       3.16227674    
   445.500000       3.16227674    
   446.000000       3.16227674    
   446.500000       3.16227674    
   447.000000       3.16227674    
   447.500000       3.16227674    
   448.000000       3.16227674    
   448.500000       3.16227674    
   449.000000       3.16227674    
   449.500000       3.16227674    
   450.000000       3.16227674    
   450.500000       3.16227674    
   451.000000       3.16227674    
   451.500000       3.16227674    
   452.000000       3.16227674    
   452.500000       3.16227674    
   453.000000       3.16227674    
   453.500000       3.16227674    
   454.000000       3.16227674    
   454.500000       3.16227674    
   455.000000       3.16227674    
   455.500000       3.16227674    
   456.000000       3.16227674    
   456.500000       3.16227674    
   457.000000       3.16227674    
   457.500000       3.16227674    
   458.000000       3.16227674    
   458.500000       3.16227674    
   459.000000       3.16227674    
   459.500000       3.16227674    
   460.000000       3.16227674    
   460.500000       3.16227674    
   461.000000       3.16227674    
   461.500000       3.16227674    
   462.000000       3.16227674    
   462.500000       3.16227674    
   463.000000       3.16227674    
   463.500000       3.16227674    
   464.000000       3.16227674    
   464.500000       3.16227674    
   465.000000       3.16227674    
   465.500000       3.16227674    
   466.000000       3.16227674    
   466.500000       3.16227674    
   467.000000       3.16227674    
   467.500000       3.16227674    
   468.000000       3.16227674    
   468.500000       3.16227674    
   469.000000       3.16227674    
   469.500000       3.16227674    
   470.000000       3.16227674    
   470.500000       3.16227674    
   471.000000       3.16227674    
   471.500000       3.16227674    
   472.000000       3.16227674    
   472.500000       3.16227674    
   473.000000       3.16227674    
   473.500000       3.16227674    
   474.000000       3.16227674    
   474.500000       3.16227674    
   475.000000       3.16227674    
   475.500000       3.16227674    
   476.000000       3.16227674    
   476.500000       3.16227674    
   477.000000       3.16227674    
   477.500000       3.16227674    
   478.000000       3.16227674    
   478.500000       3.16227674    
   479.000000       3.16227674    
   479.500000       3.16227674    
   480.000000       3.16227674    
   480.500000       3.16227674    
   481.000000       3.16227674    
   481.500000       3.16227674    
   482.000000       3.16227674    
   482.500000       3.16227674    
   483.000000       3.16227674    
   483.500000       3.16227674    
   484.000000       3.16227674    
   484.500000       3.16227674    
   485.000000       3.16227674    
   485.500000       3.16227674    
   486.000000       3.16227674    
   486.500000       3.16227674    
   487.000000       3.16227674    
   487.500000       3.16227674    
   488.000000       3.16227674    
   488.500000       3.16227674    
   489.000000       3.16227674    
   489.500000       3.16227674    
   490.000000       3.16227674    
   490.500000       3.16227674    
   491.000000       3.16227674    
   491.500000       3.16227674    
   492.000000       3.16227674    
   492.500000       3.16227674    
   493.000000       3.16227674    
   493.500000       3.16227674    
   494.000000       3.16227674    
   494.500000       3.16227674    
   495.000000       3.16227674    
   495.500000       3.16227674    
   496.000000       3.16227674    
   496.500000       3.16227674    
   497.000000       3.16227674    
   497.500000       3.16227674    
   498.000000       3.16227674    
   498.500000       3.16227674    
   499.000000       3.16227674    
   499.500000       3.16227674    
